5 179 127 136 257 183
1 116
2 33 131
3 54 123 151
1 221
1 234
2 36 24
2 65 7
2 216 161
3 180 259 129
4 167 16 1 84
3 0 72 223
2 212 210
3 168 134 44
5 275 133 62 193 178
1 34
5 41 13 227 156 230
1 87
6 85 107 198 113 122 26
6 184 294 105 125 155 192
2 296 148
1 249
6 88 95 15 273 263 19
8 108 76 35 145 100 69 278 274
4 164 181 265 182
3 99 299 286
1 110
5 80 58 218 74 31
3 103 10 81
3 8 18 171
2 75 290
1 4
1 162
1 159
1 246
3 203 83 124
1 276
1 220
4 260 261 157 109
2 92 60
1 137
3 285 21 94
1 150
4 225 224 284 146
2 144 91
11 187 281 174 239 14 68 3 104 206 279 186
2 56 39
3 38 121 243
3 213 138 139
2 63 277
4 57 208 247 130
7 267 50 209 70 55 71 30
6 200 214 82 117 163 237
1 245
2 79 172
1 226
1 232
5 166 170 59 252 126
4 188 207 140 250
4 96 292 228 194
2 53 222
1 282
2 32 202
7 102 111 289 43 288 231 262
1 29
1 28
2 128 47
4 40 27 66 120
2 241 264
7 204 141 280 233 189 153 169
2 244 61
2 217 177
6 185 297 229 270 293 52
3 271 143 173
3 64 119 255
1 254
4 295 46 149 2
2 11 283
6 258 101 5 291 115 49
1 158
6 89 90 235 219 106 154
1 268
5 236 199 242 67 176
1 86
3 253 93 9
1 298
6 191 51 152 215 251 272
6 197 25 135 211 165 175
6 160 201 112 12 142 17
3 23 248 20
2 73 118
1 22
3 195 45 78
4 114 287 205 266
3 48 240 132
3 269 37 77
1 42
1 147
4 190 98 196 238
3 6 256 97
