119 6492 9148 6373 9344 9089 6104 9661 7900 4351 6980 7080 4915 7762 3936 7070 9624 714 419 2744 6768 940 9954 5475 1753 1952 438 2983 1209 1315 1861 830 6301 4708 3137 5653 3653 6464 7513 2727 5545 2660 6700 2435 291 9921 4200 3246 607 6747 6403 174 8294 8464 5622 279 7325 8898 2765 7588 4213 6563 8334 2544 1512 2588 7328 8924 7378 709 2637 169 1363 6204 5045 5378 3735 5014 15 9976 2972 1875 7732 655 4903 6474 7044 6235 3235 751 4544 2939 3019 8093 5172 145 8051 8856 1972 9534 1522 1946 9269 6313 2742 6669 1351 5990 2078 4936 2322 9676 4485 5984 8678 9424 2337 7849 5478 4925
128 9128 7270 8523 8620 6517 9407 1123 8536 2858 1291 1615 9053 4612 7861 1114 2175 9212 3356 7780 7078 3318 6192 2092 9971 108 7195 344 7655 9318 685 5501 8702 4411 4123 6713 733 3609 1099 2232 6837 3428 4798 7895 67 7138 1671 4373 3466 6356 705 5039 657 9693 20 4088 4166 2648 6776 1174 918 3981 703 6369 1851 8258 1717 8883 4644 5250 9893 9258 5086 1643 2392 1479 8588 3178 3245 8030 4773 6836 94 3647 4608 9238 7746 2642 9144 2846 8348 5546 9644 8547 9026 4152 9580 4527 3651 8415 532 5247 3007 4099 9569 6554 313 2136 8494 4163 2343 1308 6648 7835 6328 5966 1651 1429 4830 9164 3309 5430 753 4739 1301 8998 5791 3644 2558
113 8075 4640 3719 8322 9620 2010 7963 3363 3683 9829 6277 3672 9951 2943 7512 2800 938 2938 6094 8499 2990 881 9214 5050 2108 3739 1694 1931 9826 4963 3113 2336 1249 3699 2352 4064 9755 2833 2083 2206 9084 6327 1392 5283 645 3511 3224 2604 6992 1050 325 842 5519 6520 999 3189 3204 9546 3711 5056 6106 6410 7284 1426 9326 3226 8014 8174 4282 6681 5893 8121 8789 3808 3141 4993 2106 9796 2079 1804 6275 1418 2304 748 1672 43 5742 2853 8147 6205 7684 901 2104 9205 4884 1562 552 8 6471 7335 9892 6609 309 912 4594 744 6419 9523 6917 6490 7409 8427 6499
121 4380 3545 198 7771 786 7067 8413 7395 2099 6142 3514 3013 1398 7452 2088 8576 5270 3281 5923 5343 759 7117 6565 9296 680 2238 4034 7934 2520 8884 3153 6787 2070 7083 1691 5932 2434 3055 3874 1306 3881 4002 7954 695 3090 542 488 1516 8240 8921 6178 485 1145 7390 8725 6649 6860 1564 5819 6072 150 8711 7892 6441 7063 7141 6537 1390 805 4735 8250 1828 2223 757 2221 461 3444 2905 6715 1449 8280 5364 5011 4032 4101 9973 936 79 5772 5744 3723 8694 7076 8970 9036 1221 579 2167 72 6416 948 7645 1072 7989 1994 383 8391 8735 819 5115 8565 7718 6970 5114 9090 3392 4447 3327 3705 3751 9352
116 8767 9847 1444 6738 8850 5421 8964 663 2542 1550 3124 9233 3169 406 9399 4823 7735 3460 9727 8682 7974 439 7743 1225 234 8387 9743 2736 3127 4172 1110 5970 2273 8259 3734 7146 4669 1159 849 8698 7708 6381 2174 373 7189 4766 1282 734 3390 1172 5656 2670 2210 5227 4955 1468 3427 9652 132 7594 7858 8173 562 6591 9592 1979 9078 2640 2059 5996 6153 5153 597 5248 4045 7113 6007 8649 7511 2685 823 5560 9901 8981 1389 4628 4440 2444 8935 476 6062 333 3353 8650 9742 58 1427 3143 8097 5460 2294 1298 3279 5132 7242 5706 9642 3775 1474 4415 5788 6350 4704 8581 515 8168
117 4383 5034 5370 1610 8612 4635 9108 6321 418 9842 6091 5275 3083 3951 4790 4929 4631 2969 7711 5917 2757 1340 9985 7569 9617 5878 8696 4742 4850 778 7562 4532 5202 1759 4523 2595 6576 2282 545 7840 4129 7818 7936 8409 8229 8192 6757 4322 9963 8644 2064 7361 9754 839 2662 9054 6952 1975 6502 7582 7231 7676 8179 6516 1218 8781 1190 3465 1532 5528 8703 3552 8291 8829 2372 8278 9401 7727 2867 5277 4785 6433 1880 5964 3308 8215 5553 7949 221 9777 8223 6851 2353 2767 1892 815 8308 9917 3638 4318 8578 5690 2519 6834 4089 1098 6645 3314 6465 3716 6154 9030 8422 8514 2941 3326 5816
128 6281 4811 4009 3429 2827 5572 8986 727 793 261 3984 6788 8069 6199 538 5769 2260 9165 1073 4496 7399 5620 2629 2850 3710 8220 6639 2610 9629 1469 2911 5567 9844 277 5601 6580 5565 3996 9853 8190 2458 1679 1482 5698 536 9787 4687 2121 2235 1829 9319 8909 7823 4249 6903 6303 1332 5823 9239 3412 8360 8517 3945 1779 2548 8821 5591 6152 4402 62 1166 1965 7485 8911 2958 9347 9537 9330 1314 5866 7774 8641 7151 8820 7730 524 6237 6864 8858 4998 6959 1150 6254 5658 9138 2480 2086 7565 188 9748 8113 2184 3116 7094 5097 1763 2953 3850 5059 9677 5908 2475 1641 5822 8459 2027 5860 6341 905 7627 42 8461 1295 8181 8489 7232 2839 2918
114 2980 3852 640 9453 5230 4784 6251 7518 2916 8552 7312 9851 5239 9716 7000 2446 7112 563 8851 8714 6033 828 527 8657 739 5447 9246 7567 4355 846 3038 1820 3961 6032 7579 9496 6874 5000 5529 1595 253 6551 5129 8086 7293 5608 6053 5048 2404 6344 4230 4843 6156 8835 4755 9740 1673 186 6257 9111 3944 7926 1149 1116 64 675 1223 5655 5828 8457 9944 4620 4302 2799 3517 8219 5508 4205 165 6672 6282 5386 767 7238 1167 1395 289 1480 1557 3270 2300 9891 9422 5276 7260 1852 6421 4833 3955 2249 3537 4702 3997 5971 3333 448 5987 5085 9708 5208 1865 4549 1471 1939
112 6485 7902 4426 280 1477 8805 4060 8569 3280 1945 4456 6263 6073 859 1236 6452 1601 4145 945 7725 1227 9076 4812 613 2790 9460 4219 3162 9106 8960 2505 4052 5299 1863 7779 7466 4021 8653 487 1447 2030 2045 2667 6790 4824 8926 4314 3051 4922 8354 2598 5432 233 2571 7778 1375 4943 6941 4321 3265 9440 9520 9910 5303 2834 8073 3046 5806 1849 5395 8745 3398 1134 1423 6401 187 7951 4403 8854 4469 840 5749 8718 8242 3940 2052 7506 1900 2177 3487 4598 8399 7593 5332 7642 9551 843 8017 8083 282 6238 7647 7394 3671 6853 2239 5222 1778 1052 8277 5305 1277
112 1784 6823 9707 7018 2188 5895 7716 6102 4155 7967 3724 8507 5164 2018 1903 4948 6261 2361 3228 9413 4879 1642 4816 3810 5453 8429 3798 6594 9204 642 5868 2264 7101 7430 8944 5583 2253 154 9483 3231 1031 8785 9157 8435 1775 1906 3009 8577 7701 6833 37 2411 6438 9088 4642 3002 994 3676 6011 274 8335 7354 1553 6067 4764 2900 4978 9512 8056 8117 4197 5671 3313 7327 3297 9738 7864 7120 6308 2130 2654 7678 3539 2326 5956 690 9631 3965 2952 4337 5575 2493 7921 8197 7421 5771 7624 8236 8544 6006 5702 722 9447 5863 2454 850 5285 2112 374 4488 4343 6096
113 8163 6057 1667 5444 1799 2563 6678 3372 5910 7392 4981 1552 2116 9366 567 9828 3474 7130 399 3214 1695 9000 9398 718 3685 1815 1754 7538 9074 8773 27 7009 6322 7324 9477 1963 8646 1022 5191 2559 7855 4537 6888 6377 394 3533 6825 4154 5648 8397 5628 5595 7273 7831 3076 4077 5666 8742 3540 5844 1029 81 7029 5134 310 3854 1076 1934 1556 239 689 9545 6546 1436 4928 4188 8663 2297 5388 4448 4718 1723 3750 5813 5938 4377 7487 1985 3698 5552 872 7100 5425 1518 7798 7313 5210 9554 5329 2171 3302 5093 4795 9392 8610 5743 5046 5505 6680 5271 1367 3072 900
104 4328 2355 7629 1158 7841 3904 9645 6221 7098 4100 241 4301 9640 6337 7381 6972 4651 5375 1581 1312 9397 2849 746 6936 3094 8423 2942 7619 589 4323 8094 6657 9037 3526 5092 3393 9411 449 2897 3028 1010 9543 6413 8466 3164 6218 3378 6687 5865 6629 3982 8004 3662 4729 4715 2803 6259 9045 5549 8188 4094 4465 1488 381 9174 4481 9377 811 7182 7752 6508 7470 8420 2072 6223 5607 2120 5400 1261 626 5174 9572 1025 9112 3663 5943 3394 4300 7662 7691 2275 437 7709 4778 8994 9627 9240 3069 612 7599 5167 3933 5427 54
119 8645 3022 9135 2863 2959 9934 9192 4919 1372 8512 1877 5262 800 1854 7503 5168 3206 6529 6363 4603 5330 2007 2923 6857 209 6239 6538 5282 9374 1676 7465 6290 806 2501 9121 3908 6494 6592 1406 4303 7612 1949 2148 9110 192 6504 9243 1399 6144 5667 7914 9010 3303 5594 3794 7694 3555 2351 34 2666 8666 3777 463 4365 8638 9008 5576 7356 6956 9935 5144 947 2488 7021 5570 2152 5972 676 745 1177 3247 7889 6904 6967 5009 9118 7149 829 6703 6284 8839 3377 2427 1403 6902 3495 5266 4528 9406 2461 8540 5757 6740 4490 1128 5107 32 3375 2862 2710 682 6488 2590 9146 2125 1252 1329 5058 6118
115 8224 1219 8237 572 7382 4359 4892 4400 4909 1185 5606 7454 5739 4266 329 2424 2652 6756 4287 5947 5618 5726 6424 9333 760 8962 464 7028 5637 5203 316 7266 7618 3396 1757 4720 4062 7801 3960 884 4104 8647 4212 1578 6406 8639 3720 3669 1002 2385 6859 7493 2524 3089 7467 7893 2477 2123 9058 115 6693 8029 9848 140 6813 9120 9055 6181 6838 8470 5597 6748 2220 8101 3875 2802 1653 2909 8717 164 4008 6512 2848 8350 5296 1090 6595 9475 8208 4084 1509 5263 227 6497 674 4136 1183 6797 9094 6197 1710 5023 9162 9116 8520 9252 4444 6596 4137 6606 2673 1573 3172 8869 6924
118 3451 3352 9435 2153 5693 5584 7749 4157 3807 4319 112 7928 3966 4968 6690 1864 4284 3442 1199 4379 7121 6247 364 9835 5295 5936 6191 9103 4156 4196 4700 1188 7131 8885 6773 4269 6117 3166 5384 3417 2591 8626 3632 9992 5644 2985 2645 2436 3931 1075 8213 8946 5600 120 6932 6590 388 6798 6744 1731 8775 8104 4082 7256 8961 3114 2603 747 7302 4927 5040 3449 136 3824 8064 3015 6038 5581 1288 4583 5481 1730 899 6374 2889 9982 2162 5846 3147 351 1926 6294 4851 4768 547 3976 2613 2898 9343 8453 8912 3902 2360 5382 5313 9888 8468 5110 3656 8875 3347 8763 4713 8760 8392 4007 3496 1005
120 9200 8003 1379 3643 7748 4225 3319 3582 3796 508 6295 1982 4641 1101 5391 6256 2829 1705 1278 5065 4673 924 3523 9455 4256 168 7906 668 5113 1200 2921 2367 4590 9042 1997 7405 2503 576 9928 8564 4698 196 5697 5605 3570 4703 1326 1001 6518 7794 8834 35 9690 9784 8804 2247 3136 9198 425 4385 6883 5805 2653 9370 6710 1292 1686 3044 7372 5710 2145 7826 3992 9856 3468 6425 4559 9999 6810 4941 4059 4709 5627 8235 9703 995 9486 1059 5547 1180 9588 9734 1859 3987 7866 0 1069 9590 9596 7540 3682 983 6412 6957 8511 1269 6115 9781 5122 2399 5701 7220 212 629 6746 1855 298 4004 378 754
132 743 2050 8497 5837 586 1065 6704 7477 7796 4310 314 5007 6093 5912 7154 9646 7132 1020 7034 8130 2741 8234 9123 8691 1111 3168 6895 7391 3183 7169 6600 4268 8033 1836 6342 435 2309 8887 7757 7860 2375 2729 810 1362 3240 7731 3849 4237 6108 1966 9775 3994 7444 3403 5187 8026 6324 6049 501 8148 5989 9259 6714 4378 4723 9641 6092 4370 1801 4779 1230 8968 462 4182 9075 5619 7970 8054 7527 8971 5587 9471 5015 5256 1472 5333 4593 2988 3714 8263 910 6029 8510 7104 203 444 6232 6770 7198 6215 3645 7981 2013 7184 1473 123 8975 2994 3336 7410 555 8841 2680 2020 8942 97 8084 8206 1443 9047 4458 7966 7879 5476 6457 3011 5793 7459 2315 3628 9196 9489
113 9890 6209 8836 8590 9547 7002 7069 2155 6141 3229 5125 1117 1953 3194 4349 952 3995 4906 7617 2896 7496 8787 2364 7450 3190 7227 3773 428 8870 7891 5079 1856 2438 755 2321 6513 8900 8134 9096 3409 2200 6534 5963 5604 3937 9541 7666 5433 9687 1639 5449 3630 780 9171 5946 6048 4442 2362 6348 4699 382 3772 2997 6335 9549 5740 9438 5722 666 6897 3988 2467 3564 700 2496 7673 4953 3637 1624 1106 12 8840 566 3610 1974 9182 517 9287 5218 2504 7026 4942 9532 9889 9688 1984 8992 427 989 104 6268 1666 6131 63 2196 5800 93 8783 2882 2927 1297 343 2046
122 3791 4525 9362 102 3311 2241 2470 9548 1843 5558 3584 6002 5679 5781 5733 1210 3640 7178 7862 3133 9867 1265 307 8665 9505 5596 4462 4842 3949 3334 1290 4794 8153 4286 1912 3253 7294 3254 4418 9970 7616 2289 2908 4506 9557 6226 9322 514 5896 460 894 4584 5830 3843 4819 1616 7352 4135 2606 2711 1057 8999 7586 6628 7652 4133 8795 6036 2302 4719 1718 1720 2837 6037 4499 391 7089 5724 9185 4312 6196 9451 7347 7517 2471 7365 5747 9839 9911 6130 5645 7385 9056 6314 4096 9945 8085 1637 5790 1435 4660 9396 3938 4345 371 4292 5682 1772 1089 7918 8754 3163 8016 5119 2003 3123 6962 4619 5715 5836 8937 6056
111 8774 2824 6796 1026 955 4522 1600 5451 103 3285 6542 2061 1702 8715 2968 7813 2733 6009 7851 2718 9637 7793 3471 8989 8225 3232 2933 1904 3623 1412 2339 8371 8737 7941 8025 1320 5363 3058 6134 1738 6233 2479 4244 4113 4043 1355 6882 3827 4985 1918 8660 6986 1582 2031 8329 5286 3284 9887 417 3238 791 8629 3906 5177 4596 3899 6767 8002 7604 55 7016 3747 1701 8771 4873 4047 2347 1938 2663 3590 119 7510 6317 82 5626 7685 1739 1511 978 401 7226 9221 1700 4862 8347 9426 3198 2726 3598 8301 8838 6564 998 9863 8947 2701 8531 4410 3561 2277 1911
125 8979 5037 5915 144 9852 8500 6695 4274 6764 8212 3117 4894 7240 609 1211 8679 6557 4665 240 6607 4443 1202 10 4717 6248 1419 6186 1620 1586 8098 8141 1168 1662 2271 9122 3170 6039 6671 6643 8681 9034 6994 1034 4109 4965 8232 3340 3324 8897 3061 4880 1648 7871 2515 9101 1017 4751 4036 9919 7056 8325 6865 6655 5504 6642 8327 4958 9774 7940 1612 3292 7623 577 215 9169 2875 1891 5590 2793 8359 3880 8333 6928 583 9747 8166 4741 2224 3439 6162 664 6794 844 8442 7872 7631 1707 5944 5355 6442 9825 6367 556 9834 7800 3154 4797 7061 1693 5683 7064 7387 7441 1750 397 594 9038 2451 226 1559 2658 2256 3870 51 3589
103 8925 2128 3258 9953 2823 7986 4911 1517 4466 6135 7440 5096 8355 9599 8165 7973 9860 4401 4332 5968 8923 1460 7747 2001 9926 7455 5789 6761 1091 6633 2865 7351 7896 4317 3003 4552 7668 7202 423 1741 8891 7560 8126 3599 3782 7258 5925 331 7776 708 7539 8982 2689 2389 8825 9560 9550 8107 698 361 9334 9660 6440 6907 5593 5864 876 3873 9715 9575 4658 9968 3148 6730 1373 5488 4 8336 2140 9786 8407 3366 6996 3649 4980 5646 9679 5709 1276 5212 9077 1769 4457 2527 9150 7412 8144 1660 5520 1234 5005 8385 4627
111 996 3816 6213 6582 7894 5026 9271 9689 7030 4774 3934 1109 6814 5876 9659 801 2795 3830 2403 6361 9816 2071 6918 4398 8826 4468 3592 4257 4893 4910 9304 7945 1461 4743 7509 5894 9379 5950 1599 638 617 9069 8506 2102 8584 1193 9189 7868 1155 5320 3296 1535 2166 9939 5465 4861 878 1051 352 2365 8202 8600 172 5424 9864 647 163 1173 571 5226 7844 6447 2954 2442 8747 808 7873 6456 8876 3461 5629 9915 8095 113 6683 116 946 1503 3269 8267 9809 9294 9540 3146 2459 2597 1176 9876 6462 9273 5269 2696 1752 1336 3577 9065 5312 1397 6098 8724 4744
115 8831 7787 3508 8906 5961 6727 330 1156 3765 3742 7340 887 5390 6631 5287 2578 8187 5104 193 4848 9193 7635 2874 771 4966 5738 9779 5130 8157 2393 8432 5889 625 7980 5099 7784 4199 7903 482 8983 2416 1146 2017 4808 3825 2349 6472 3805 1958 8440 7990 9879 6608 8406 7741 7152 858 3259 3708 9817 9988 781 1440 6285 643 5734 7543 5886 2089 7988 3475 4944 9643 9695 5766 2902 9531 3835 4510 4429 117 9415 4875 8755 1908 1890 3155 5933 554 6415 5988 9527 8855 6276 4578 7916 3446 44 8088 3350 6890 2618 6482 1796 1585 4279 9552 76 4721 2707 5843 7997 1275 4550 2639
122 3027 4038 8100 5649 1555 3399 6200 3230 7297 6927 5207 8298 3741 9313 2535 4885 5446 8433 1534 7551 6708 5171 9868 6010 4987 8551 3066 9904 2105 5808 8286 8860 1853 8299 3149 8172 5676 7222 4800 9611 958 4467 5020 9621 2456 3956 3884 6885 4786 9959 9261 3915 6222 8384 3405 4366 6004 9633 2845 6017 2811 5779 862 306 7168 7158 9750 7323 9416 9881 4116 9795 7621 1725 5663 8790 8632 1317 9383 6087 4091 505 4121 1454 5797 8065 4712 569 9418 3660 9384 6942 8664 8218 6149 2966 5216 3550 6598 6899 3779 231 8376 220 6760 8323 7427 5522 1687 7680 9769 3421 493 4835 1678 2860 7904 575 6641 9733 7535 4865
117 4495 6151 4335 4217 926 9222 7615 7877 7250 7031 1930 697 1744 206 8697 2034 7583 2991 1334 6750 303 5426 963 3787 5997 3858 6663 6765 1848 7366 8380 3666 5480 4381 6323 8271 5699 3673 1629 4031 2945 5563 8559 339 6604 3519 9417 3717 9236 8516 483 2222 6858 4728 456 6636 6547 1602 9586 943 7620 1889 9838 2722 6509 3481 1504 9154 5856 9906 8264 5249 148 7679 4253 6887 3528 5162 648 4149 9815 5503 8315 7362 5538 4240 9933 1328 864 8806 2498 8563 9404 2694 5031 2384 2773 348 3998 5577 8904 8782 3784 3077 7109 2903 2721 3761 1587 4849 8695 3097 2293 5095 1235 9314 4183
114 2244 346 4342 4711 9107 4551 4988 2764 7669 16 8358 4271 656 4022 8896 8504 8526 5149 8176 2550 9818 6027 3031 4722 5705 9024 7310 3546 7856 5515 6076 6240 9498 9338 4311 3339 4264 8475 4128 6064 2537 5994 9491 4878 9725 151 9324 124 8802 9149 6822 210 2319 4229 9321 1305 4840 2964 6382 9219 688 8684 1296 6855 9487 8721 1809 8154 2154 8228 2888 6061 387 8379 1929 8252 9571 1962 7304 8966 9276 3617 9846 7608 8245 1484 8122 9180 5143 9916 8178 3920 2094 832 3797 6682 433 7426 8057 6443 9317 9739 5120 9556 6575 7057 2962 4530 7234 4033 5810 2704 5200 1122
112 8529 9913 134 6024 9190 2822 3744 4412 6870 8866 4806 6071 6950 7162 7142 1940 7888 7145 5342 146 4242 229 7074 3536 4475 8249 2970 1771 2193 8933 6805 1486 7125 9711 4961 4760 3681 7007 468 7744 1391 5812 7102 3844 7836 2944 8373 106 9706 1881 2787 7999 2821 9361 7589 1527 3704 6665 4554 7799 5399 3100 2327 8058 5019 670 1337 6817 2743 2425 1274 944 4946 9618 7476 7985 4625 3983 7910 4334 4567 7971 1790 1510 7905 7611 9836 2098 9225 218 5838 4001 5473 6475 3491 297 2172 4518 7296 1879 1501 3847 8027 3579 2671 1623 7978 4044 8985 5267 6624 4051
119 5731 7153 5850 8394 4996 787 6630 6386 7165 9057 1886 3345 9365 2984 4435 2817 3384 3831 2307 4914 2386 2164 7200 6478 6923 1229 3515 8662 2628 408 8768 3548 1263 5945 3930 1594 1093 5233 5939 4757 5111 4395 495 6848 4667 2830 7212 681 9673 1576 7447 3419 2383 960 4360 7773 3707 7126 9114 5704 323 6548 1187 6147 1162 2881 6183 9474 8441 4781 3991 1383 224 605 440 7188 2963 3785 7475 3962 6384 650 750 9470 1645 1749 7717 59 1318 4333 5292 5811 8145 1493 4438 9674 4852 6739 4566 3278 6785 8519 4555 921 7633 4127 7845 1184 3697 8041 3591 7353 9797 6246 5951 5243 535 3684 3316
120 6985 654 9463 7099 6119 8103 1258 7375 8817 3283 7191 9780 491 5974 906 3726 8843 4304 6766 7336 8545 1316 3614 4681 1458 9940 6400 1083 2156 4949 4074 267 4460 7686 7337 3282 8465 3886 7247 889 3556 9336 8642 2396 8273 1206 2330 4994 8833 4828 6212 2288 8042 2324 6698 3453 7472 737 2230 1100 6505 2602 2978 6111 8680 3152 8460 5185 8266 9272 1970 4178 7096 3558 8304 9698 7808 109 3877 4678 8091 7334 8625 623 9776 7595 5214 2583 7403 5253 8973 8837 1560 9639 7218 5466 5507 561 2068 4353 8809 2084 3524 1165 9802 6349 6623 4562 2814 4817 7047 1357 1986 3432 5139 4325 5002 4606 8777 660
121 3050 5953 6572 5716 9274 2261 9730 3099 7268 180 8844 9291 8339 5224 8758 8513 49 4265 411 3832 5857 8451 9608 5472 4176 3674 1842 4890 3236 4158 6555 8931 5018 3091 9772 1241 9593 7807 7765 1883 3626 5109 7870 7675 6610 2280 7526 1713 2278 1646 5302 1196 7060 9286 7944 3578 1712 270 7156 4341 9234 4659 7869 1519 2218 8254 8566 4231 6584 2989 1921 5150 127 9681 6003 1959 5409 5293 4102 9018 8842 2724 1685 2770 5338 930 1727 3820 4073 4732 3678 1933 5486 7376 7116 6733 5898 4451 8739 1654 6937 1636 5617 1491 941 8007 4926 3781 3205 281 1107 8110 4143 9918 8184 5087 2487 2541 5689 8670 5183
127 3108 336 5688 147 866 1 6661 9609 232 8798 2048 1747 3437 4601 1500 8283 4372 7246 1715 3134 3381 9457 269 4645 3921 651 5201 7488 4670 8772 9194 7653 7419 7316 5907 1626 85 7554 259 6652 6991 5926 8300 8974 6951 5767 358 7435 3658 9509 1748 8616 5452 6884 6772 5339 1143 5928 9292 5493 481 6536 7933 9348 4618 8908 8269 1207 8216 7834 2690 3583 5487 9984 5995 9506 7640 5408 452 2552 4693 615 603 550 768 6929 2792 738 6090 7086 7344 5632 1607 4291 2160 7092 2587 8092 3184 7027 7483 6357 5482 6539 6291 3220 7848 4261 8005 2465 3337 3059 8871 7038 3186 6602 1113 4691 5537 8128 5883 18 2252 5474 1571 9782 5673
113 3764 6411 5419 7011 9749 7479 7507 5368 1300 7597 7251 1456 6689 1385 9964 5189 1457 9521 6808 1635 6167 3822 8723 1954 5785 4688 9442 588 1243 7775 276 477 6847 7204 4258 3804 4767 504 4432 5076 1047 529 2388 8483 2290 5719 9278 2209 9316 6273 458 6050 2693 2482 2961 4997 2885 1983 2138 5668 6763 304 5309 9079 4142 8997 5920 3025 649 6139 9445 6459 5030 2298 8940 5631 1004 5166 2005 2509 4701 1850 3770 3160 1905 3431 6762 6489 3923 8303 7965 6599 6164 271 1846 2993 7764 7036 8430 2305 1540 376 4305 5674 6658 3914 6618 4491 834 2245 6234 6793 1205
111 5032 3057 4500 9806 5440 4436 7842 8342 1776 284 1170 4198 7276 6280 9778 2698 4396 2211 8067 8437 635 9312 6082 9449 4293 4940 7215 3138 5244 4041 2818 5942 1063 8196 3263 6617 7815 6407 1163 7537 7380 4404 5098 1287 8076 9349 3501 3118 3233 1539 2081 6435 7386 3604 7605 5090 8247 2131 1242 7646 278 4595 4605 986 8847 9831 5662 2677 6979 1722 3542 9524 4039 3774 7578 3006 9535 2525 1409 3979 3472 2570 480 6840 3379 937 9821 5016 31 4634 2466 2182 243 5877 2170 7598 3249 7249 6000 2432 3321 8446 4246 5027 5651 3840 4056 1080 1094 5372 6506
121 8704 9213 3503 8527 5603 4255 5821 4656 1441 6264 5869 3901 474 7261 4281 5003 644 817 3891 3581 5589 9678 6946 2074 2251 2463 5564 6075 2401 6540 7229 2838 1319 6470 9226 2936 118 6789 5630 436 1084 9654 5548 8150 9175 2065 6265 9850 953 973 8936 5274 30 3688 1563 2655 3070 4916 4666 5839 9402 5410 6839 6812 9670 7837 568 904 8071 729 2473 6843 6380 2534 7230 1541 6901 1313 8484 5140 3456 5036 1580 1698 7702 4390 3267 8628 6422 6155 4979 200 228 7295 5340 6507 45 9610 3521 4662 8951 1566 5069 6940 662 6362 7610 1943 2038 8019 4570 752 7898 5820 4734 6137 3042 1605 742 5848 2060
121 732 1283 7821 6228 5696 6338 2208 7051 7534 7461 2042 4215 3341 8693 8950 6252 9 8125 4122 2051 335 4820 5763 9356 3167 1081 9770 7559 1868 9773 4841 4076 1371 2779 2430 600 8792 8674 4430 7782 1920 624 1502 962 4505 7687 3325 1740 8114 2246 7739 711 6626 6585 7124 1569 7674 1446 3890 1064 3841 4126 5289 9648 3056 7601 8317 1923 8309 2819 5479 5901 9722 9900 1575 3463 2914 8405 8672 7875 704 4492 1033 7519 9927 3627 831 1819 8799 4063 2022 3197 4780 7991 4214 4206 3382 4419 908 1942 2777 6587 7437 4969 4983 8318 2312 5642 6272 4971 1661 7935 9989 2236 7322 9178 3560 6706 2217 5213 3621
110 8690 5670 6365 308 2159 5568 5429 9281 22 247 9579 8021 1405 3191 8425 2215 366 1971 1681 223 2720 4057 377 230 393 1043 9461 8712 4040 8859 4881 166 2137 9332 8901 7259 2228 570 6685 6245 9443 5182 2857 305 1353 8731 4055 7071 2540 1483 7564 357 68 4489 7919 3488 7683 8522 2049 3819 5358 5436 9320 2580 4210 7343 2616 5112 1466 7942 3244 2139 4218 1719 8503 5234 9830 8295 2854 5179 6159 3631 3935 1902 825 5948 2 6877 4320 4030 9638 17 7671 7806 4898 2263 3424 7885 285 7878 238 4814 2641 245 2077 2066 3413 3889 2684 8108
127 1867 9502 8477 3749 3946 3315 5126 7628 7303 8370 8487 869 6394 4220 3522 9420 1526 5776 9508 8624 6954 8736 2492 5044 3795 6948 4887 5401 3829 7167 4951 7185 7948 851 3595 7720 360 9485 99 6846 9884 7379 9518 1433 9932 8480 4962 3223 4248 1760 6320 75 4756 8572 5284 6622 6286 9539 8556 1742 1726 9153 6541 8601 9432 3932 2917 6674 9176 129 1270 9143 6460 7649 2564 3078 2169 4374 5851 3786 9573 8077 5445 8175 4516 1506 8018 2201 7713 9479 3675 8756 9145 236 6921 3687 4836 7280 8458 6553 6267 6170 4358 8548 4526 2439 7950 6195 8037 5517 886 1831 6856 8668 1092 6271 7397 5853 1774 9335 9220 9602 8810 1322 1144 273 3650
125 821 7024 41 9452 4818 9462 1847 7937 2529 7911 7346 9345 6378 4883 6309 5807 5882 8852 7814 5403 8797 9364 1450 1572 4636 1964 7648 3287 135 8580 1157 5371 8659 4646 6446 4511 6984 5854 4174 2877 6769 7781 9329 5138 5906 8881 7314 7884 6163 9360 9062 9357 4623 5420 7955 9160 6269 6345 5991 3686 14 7714 9823 7161 3445 9172 56 71 2457 9845 5423 7271 3801 5231 7434 1810 4692 3950 4984 5152 9211 2489 3883 5394 6299 6809 5360 1272 4564 7541 1264 934 1238 3208 7590 342 4309 8209 2204 7105 9159 4070 3376 5205 6347 8667 3690 7657 9854 4945 8193 7563 201 526 131 1280 8614 7439 9351 2643 3636 7175 2913 3320 8939
111 521 3793 5639 101 7425 5199 6358 1251 9253 8068 8343 2090 2067 3757 9581 7032 3358 5103 980 5195 5669 4413 6807 977 2229 484 9721 8524 4900 2035 9380 2483 3848 5362 5801 7332 4650 4273 1257 3014 478 8081 6691 4139 7736 1374 4247 3758 2928 8542 985 6244 8627 7224 7672 4657 5513 2753 5147 390 6453 3986 7097 7416 9896 4035 1364 1684 9726 9232 2796 6676 5536 847 3158 5280 2181 6388 4290 3330 322 1132 7415 13 4604 9013 6034 6107 2547 5748 5809 9295 2601 2195 9009 2594 4146 5057 5437 4222 3010 4463 4352 741 9499 3629 402 9559 1492 9434 7433
102 7733 1115 3778 199 1634 8214 5840 7135 8279 6844 7133 5246 4891 8560 4140 4874 4484 3048 3948 4934 8324 6811 2638 141 6677 8331 4339 1544 9031 8105 1969 7982 7661 7542 8261 7228 6296 5502 7306 6644 4870 4486 7331 9427 7802 854 6414 7740 318 7147 7528 3234 1531 7211 2572 6055 2111 9492 8677 1129 275 8361 679 2409 8310 6047 3368 379 6824 6854 9025 6717 9930 6876 4307 3142 7742 2109 4245 1330 4724 5074 723 9245 7596 6975 7947 6570 4748 207 6524 8469 1598 7738 2053 6737 4010 9195 5732 492 3212 6961
119 3736 3553 6724 38 913 1247 8341 9363 1013 790 5298 8418 8550 4187 1692 2955 3402 9444 6615 7360 3222 2593 6612 6444 6387 1198 2878 9766 7020 5952 4259 7998 5585 9354 7469 3207 36 2134 6068 3346 2627 2433 6820 4453 9657 9966 3641 2346 3298 7045 1521 9102 6530 7939 4707 6023 4090 368 6278 8587 7557 4250 7373 5068 2317 9585 4624 2920 6528 107 8306 5835 798 7289 6611 8490 4706 4935 4049 410 9538 502 7529 5051 4579 7478 9986 4747 7341 3897 8485 2798 2387 610 2758 4331 8289 7710 2350 4686 9293 507 1070 8203 3603 9423 4472 6659 2995 7854 5278 3448 8776 2285 5870 3924 5383 355 8260
116 8602 4118 6077 3062 2191 3792 9697 6408 7484 1584 8533 4295 565 2649 3527 6436 2281 6101 3506 6800 6166 1558 8598 317 7547 5490 1871 9594 9170 7494 1455 1350 4298 1424 7810 9832 2906 1818 7181 2805 706 7909 4930 7350 2008 5924 1394 4132 9283 5415 2340 7040 1086 3455 2495 5321 7770 6514 7613 1285 6869 4521 1928 6660 6640 5983 3295 1841 1830 1138 1324 824 6203 1733 3312 6110 3469 2472 5614 5178 211 1228 4072 6437 4676 2605 4409 1805 2600 818 1650 5377 4864 6473 2807 7107 845 6889 6781 5001 4827 1018 3648 7664 6133 9249 2142 9109 1255 2490 7033 7371 8910 4216 9012 2332
112 3715 1268 4393 7788 5442 1027 167 7013 3980 1195 3380 8372 6758 6686 3067 5220 8845 389 7853 6867 6743 1768 3585 7660 6549 4015 8941 1746 8582 4783 1041 6569 3211 8553 9998 6372 5326 7809 1038 3725 6573 4482 9536 2708 2774 8115 8189 8417 633 8722 6905 8265 4313 5407 8955 5450 7899 6780 6315 1896 5310 9591 9768 6802 1795 2841 6532 90 2626 7897 3916 9841 8800 2868 5043 3888 4777 587 3035 3700 7424 8314 3193 3462 6063 6188 8378 1323 3264 8793 6206 8608 3073 7272 2740 8788 8796 6370 8290 3177 8455 4316 1201 2250 6008 7962 3433 8818 1603 3655 4483 7037
122 5506 1414 582 1860 7943 7692 7790 6826 7550 3239 8023 2240 503 3767 6735 1245 153 5615 2447 7446 5752 2406 1382 4876 3323 756 803 1914 2144 9519 4859 8521 9437 5288 7865 3110 1675 4548 5804 2363 1048 4425 1649 653 883 4683 3029 8321 5157 7253 9257 9791 5834 2395 4793 5405 7411 516 6934 796 1894 8312 9729 2257 6647 7206 3790 5022 5194 7987 130 5133 8561 9530 1529 4668 4262 6041 3021 4782 2890 9990 9736 8807 1824 9665 1135 683 8367 4829 8445 4999 3111 8140 560 2566 6020 1067 24 7651 3613 9235 9458 7536 2382 8099 8416 3107 9340 931 5010 3679 1377 5170 6343 3307 2021 6150 8583 5955 2526 9048
115 3624 976 1523 696 5082 814 1663 6993 2555 1597 797 7824 8543 4504 7704 8296 7315 1271 5413 3440 50 7 2739 6428 520 8013 6429 2561 7291 137 7087 6881 7095 4270 1668 1765 2656 3260 87 470 6431 6953 2884 8956 3386 3304 9298 367 4637 4770 1304 2357 8491 4639 8450 1857 5647 2176 9626 2151 3322 5875 1061 7677 5737 6998 2782 5675 9355 9603 260 3299 4664 596 2421 3420 3803 9019 3547 807 6873 3349 7288 9958 2935 4050 9562 1814 9251 4016 8052 299 1669 3912 6879 5221 420 917 1577 2286 69 6398 2041 9378 6831 5592 4306 7432 6726 9217 599 6219 8890 7299 8567
125 7471 7217 2274 6896 8053 8241 6334 5975 2864 3150 3587 1737 5518 4787 5497 3289 9625 9895 3654 177 5922 7960 7115 882 2876 61 2096 2234 6558 9230 5344 6060 2750 652 8948 8020 3826 6307 2484 9972 3823 479 9561 1179 2225 9467 3769 8039 6543 7650 9808 2577 3252 7209 2135 6001 2623 70 2101 4151 2405 1369 3737 9001 1000 7110 6086 5411 4085 5586 8619 8493 7463 8928 453 5135 4389 5862 2194 2075 5156 6792 8558 4420 6732 6085 4233 5198 4621 8905 1844 100 9720 7607 9955 5273 345 9070 5161 4160 8302 7473 2879 7863 3768 3963 3423 6292 2521 3985 2453 3268 7171 9762 489 8063 2069 8022 4749 3305 8256 1327 6566 5225 8592
123 3729 4368 4479 3248 8880 7723 7859 9855 4899 4356 5254 885 3693 2734 1783 8444 1711 3529 1053 2924 176 9686 6083 3954 4924 8913 5192 3865 1160 9468 7274 3132 2539 8872 7591 9804 5610 8109 5158 1434 837 4058 5571 8035 7401 3065 7369 4904 3075 7531 5787 4012 1542 2847 1411 8368 319 5136 4243 1619 7976 445 6849 6122 8611 8658 334 7850 6432 4671 4190 9589 6651 9382 7192 3575 1356 5235 3359 39 5236 4338 6920 6450 5638 7546 1222 792 57 8495 1380 6103 3504 3898 3286 1680 9305 1045 6461 3580 4471 4531 8594 157 3574 3721 8282 5181 4153 4630 5349 9134 9346 9922 7006 5755 7144 9871 2032 5392 4422 8231 3291
121 2926 6157 897 4733 9301 2960 2402 6396 5484 9799 7792 4921 2934 5636 7839 5300 3928 1151 5873 8874 60 9978 6616 8330 1378 861 9466 9731 2478 4647 2996 7574 8862 7820 8404 2716 6143 7681 21 8151 5337 925 5448 1630 3151 3541 604 2334 5265 2728 7492 249 3144 1130 9359 65 1437 4867 9805 3568 1074 2949 5832 4759 1716 7058 3646 8538 3401 5471 1803 783 7886 9886 327 4193 8253 8449 4167 9081 4406 2737 3310 1103 4652 1358 6070 2055 8186 4501 2769 2620 7572 9946 1386 691 7396 2784 8305 1254 4694 9568 3215 9495 4615 4714 5121 4449 4563 2514 6420 956 1325 1682 9015 5470 2429 749 1208 1321 294
117 5071 2967 5 4600 2359 6138 6190 4461 5954 6861 9032 9393 40 8710 5941 9203 9746 5758 3554 98 2510 2584 149 1960 2761 8388 2039 5559 1459 6521 7081 7952 8599 4649 8275 1463 2971 9514 4872 372 9016 2494 5414 1993 3978 4376 1169 2306 916 3754 2394 2644 2455 9785 6625 293 3497 1583 1250 9284 6850 4081 4207 4405 784 7309 7876 9051 9405 2497 3531 3435 1097 6208 3262 1496 602 3977 3459 9325 9956 4589 4177 4474 4869 9800 1709 4581 7374 5775 954 8827 857 9979 8648 9655 1845 6803 7052 5931 3780 1192 9507 5311 2342 799 8478 6389 7073 4434 8759 3237 3182 4888 3096 1543 3971
120 8222 5753 2621 5530 1798 2016 4454 4745 7715 5929 3121 1402 1609 3414 9493 1568 2538 9115 392 3903 2441 2812 1217 3876 3815 3869 7846 2026 7698 3037 3728 3760 9207 4863 1105 848 1413 8969 5017 1352 300 8734 2248 4765 7498 1839 8687 3572 9151 9822 9071 5993 2117 4912 9977 785 5794 7342 8740 5700 598 4297 6397 7023 544 1758 8015 5279 255 2612 5602 1112 1808 424 8744 6105 6124 9027 5188 4363 8284 5976 9425 5892 6588 4536 1153 4738 6696 6593 9885 184 5038 7160 1056 7053 7920 3188 8801 414 9208 8059 3328 8819 3809 9323 8643 6501 8227 3538 5454 5255 9044 152 1164 4018 557 7751 7307 6635
117 2499 7345 7706 4580 286 2207 8832 3436 3012 6080 6775 8243 2589 4075 9903 5319 1259 4384 9263 1216 1214 855 4913 8769 4772 776 1840 1256 933 4622 6654 5467 4868 258 8199 5197 2755 2415 8865 4204 7357 356 197 7090 8274 4802 1764 3001 2006 3505 7521 4561 3502 1976 9073 1237 6112 8129 4186 1212 5871 6821 7995 8814 7838 2786 181 2190 726 1046 3047 3657 1400 7922 2723 6097 4025 6014 8340 5905 7190 7282 4399 6667 7568 1832 6637 2632 3 5251 3837 8959 9605 969 7166 265 5101 2573 1728 1267 9327 5264 1990 9912 1289 5982 7233 1697 3294 6229 9814 7654 4769 8728 8535 1310 3157
111 592 9098 7556 2291 5209 5352 8285 6021 465 9567 8351 162 9542 865 7436 6699 7697 8481 3943 4433 1866 4750 8074 4653 9651 2100 292 4026 9767 2965 3119 6089 702 6081 2173 6364 5641 3893 6898 2213 1368 4931 2303 528 5624 736 4112 2080 2746 7953 7500 1349 1515 6556 531 3755 1359 8733 1910 2565 7755 95 7577 9647 8090 2937 5385 6675 7279 7286 7486 6728 3388 8633 8726 9604 7201 4115 4387 9100 3095 9289 1104 1618 6241 9563 5847 4294 5387 6116 4382 1339 9469 8248 6752 4211 5554 2932 416 3668 4726 1551 171 8713 3018 3919 6481 2460 6916 8932 5556
111 1770 574 9035 4771 7508 5654 7091 5353 4375 6351 5211 5073 4826 2147 8410 1009 9173 8167 2259 8604 6910 1627 8621 2377 720 9268 9482 5008 9186 8853 3201 6963 3120 3464 3115 4344 8803 5792 9191 2682 1233 3369 5366 7194 6120 6989 4185 2132 9500 156 5306 1631 5367 1791 1262 8132 758 8708 4027 7833 6287 9858 6759 2344 6777 1567 2203 3030 6173 9810 9412 8127 8652 2657 3800 6731 713 8958 982 3957 581 6736 1604 4473 7054 384 3788 3478 1887 3383 441 4478 9827 8055 6013 2766 4791 1182 6306 2057 2806 9937 8313 469 5541 3362 3667 5335 9682 6391 5307
109 1430 175 997 7533 534 5028 2237 9763 8579 5512 5814 6074 9119 3060 3677 9003 9923 1794 8383 3342 4847 7393 8328 1807 6749 2731 1260 740 2354 2715 7140 398 5652 3664 4125 4092 8479 9306 8730 9409 9949 942 3085 8915 2082 2115 7298 9371 4954 2947 1547 4586 5918 5825 5412 1342 5958 5163 3415 3242 4280 9924 5795 4610 2179 7122 1286 2702 4086 3665 4882 1299 6684 4428 6052 7457 9513 2124 6827 6430 9612 2110 4982 1442 6095 8194 426 3355 5921 9680 1408 262 7216 593 6355 961 7552 8943 5428 3507 6477 8631 2272 2014 2413 5435 2687 7707 888
120 1231 8671 2998 8683 6741 1924 5959 3851 826 7637 3817 1935 8867 4327 5223 5012 6127 3300 250 8786 1674 4547 1077 7389 9040 9724 1082 6346 2376 5897 2622 4494 1714 1608 9049 9395 6 4613 9337 827 5588 5238 8849 4083 2058 4080 5102 511 4087 7925 3695 1136 4417 7804 6720 7059 7123 585 1999 2219 432 9264 8779 8868 8623 7975 9007 2536 7959 3975 3045 9598 3696 7811 4587 4470 2543 7924 4452 9634 6126 4577 8293 4538 6283 5498 8089 4507 9046 88 9376 9125 9649 5770 2635 1734 9063 929 730 678 6262 1037 5725 2423 5829 7413 841 5774 2842 8729 272 7349 6568 2619 775 5723 8778 3105 4161 5540
114 8066 3243 2922 7128 6664 4775 1030 3271 7930 5297 7917 3210 1561 78 403 9431 5489 9199 3081 7208 7734 8352 4725 7111 5495 8766 3759 1309 6198 9307 6383 6040 9528 7418 1665 8574 5703 3512 4696 6694 6171 2506 2870 5094 9664 9341 8863 3601 2692 7183 4340 3762 1361 9793 3925 5881 9394 8447 993 1102 3756 5354 874 2735 9981 7520 2370 4147 4179 2189 509 3958 46 3040 9161 5712 1178 9700 2999 324 533 7417 9311 7482 6620 6148 4857 3964 7407 3543 7682 2599 1431 3387 8857 1126 1127 2919 92 3821 5557 7172 6574 1897 91 5516 6939 935 2887 3361 4068 9419 7992 311
116 2788 6801 7329 370 7481 2866 914 7499 7451 7431 89 8689 7363 1785 6187 9667 4661 2650 3853 7264 5949 3872 3332 3039 4289 9179 1625 6978 9133 7721 5088 6982 8060 8087 7728 2133 2794 9093 7179 4754 3806 8954 8169 178 1485 2528 5389 5054 9902 8661 2730 7402 3476 1888 6586 9994 8032 4856 3036 2308 1365 8257 2567 1347 7103 5457 665 1530 9905 256 3156 2043 9619 4553 8288 4226 3425 3202 8676 7994 6486 4354 618 3272 7722 5261 7767 2469 2378 6417 5802 6202 6968 6231 7221 5927 968 6601 3140 6455 9925 5623 7880 4498 216 2608 5796 9029 2270 6079 8705 2609 1464 7173 7277 5916
122 8812 7014 6579 2636 6561 8111 4283 5727 3490 7825 1591 6634 9456 6987 4191 7462 8230 7622 126 8048 731 8001 6976 6012 5960 939 1822 8749 3033 6371 3727 3620 7803 3516 6567 3993 9484 9099 8472 9373 3374 2417 7283 6525 8929 4576 3351 9765 4989 9515 1826 6467 183 7248 6059 429 7114 7464 142 8822 8899 4541 3909 1696 7514 8137 9441 2450 2986 4181 7663 195 7490 1981 6227 450 8448 3973 9052 8482 4599 7712 4308 6712 4825 5511 6312 1197 1439 1998 6886 7257 7170 2899 9279 2310 405 7085 1507 5241 1862 8791 6366 9756 4788 4386 3703 548 3418 4674 5258 4801 8873 2780 1055 3480 4796 4860 2328 7729 2703 9962
111 7449 4609 4276 7670 4970 7445 5252 7243 4918 1006 3813 9943 4098 5106 155 7522 9429 8011 5272 1137 2284 8210 4992 3969 9936 1035 2840 3165 363 3562 6136 1907 2522 8131 8146 6297 7428 8028 4991 4799 340 5438 5416 252 8463 9131 2426 5914 6964 6031 8238 3317 8136 3301 3694 5117 9635 5291 7700 9870 3892 451 5640 6973 3122 2185 1348 9130 208 5756 296 7693 2266 4066 9480 3126 3400 853 4853 9181 4065 3970 5154 7281 9228 1936 622 1988 9745 4611 6172 719 8120 2974 5217 5091 8072 3411 3000 110 1481 2517 7048 1617 9653 3814 6207 7822 7548 6270 6325
118 3404 459 3102 7235 7049 5694 4995 9824 1948 7984 8102 7068 539 422 9022 7015 5314 8377 9215 5159 5141 7576 7523 1745 8508 6125 3492 8720 1476 8403 5818 9092 5695 9381 2523 614 5047 5491 907 1453 6510 8957 1614 3864 8204 6842 122 8078 4973 5721 2178 1354 7388 8573 9601 833 2214 1823 8685 6835 2683 7318 1729 7377 2325 7785 237 541 9020 7915 1343 6589 715 4614 6028 3799 9709 9129 9672 5336 5196 8764 1078 7050 4069 8640 3606 8205 669 9216 9390 473 2242 7726 4502 6179 7245 1991 6990 1487 3839 2390 8848 3306 4803 4011 7414 7887 8401 1978 766 6666 2212 4029 2226 9790 7423 7881
108 2826 699 8575 2686 7817 9358 202 4832 3763 2197 4560 7756 5609 4655 7301 2150 762 2254 3618 2592 1884 4677 686 661 5978 3426 2129 9931 4512 8525 9454 761 9168 3494 6220 5957 9938 4267 4017 5633 1054 9656 8012 5598 1873 3860 6697 5730 3611 8161 8815 4789 8390 7176 9450 471 5861 8177 9671 8326 8972 7443 6140 1980 9011 6177 7847 4905 7964 9587 1893 1420 1016 7852 5574 1422 5879 6981 9152 8895 4607 3918 332 4591 2804 3896 8877 7883 4895 2316 9741 8539 4737 5494 7422 5786 4330 8062 7705 5621 6868 8879 5677 8207 9699 8246 519 3802
104 9132 5534 8408 1384 9428 3196 9865 7287 9983 6577 7606 6293 9256 2243 3871 7791 5523 8382 6816 1833 4672 3834 1638 8603 1655 5397 4533 4871 385 5833 5361 1513 5173 3422 5146 3430 6583 6260 9478 5754 5977 6581 2581 9929 8557 9820 6544 1606 4752 1335 8993 3367 4124 1872 1475 9718 5852 4288 4028 6875 2122 9368 8811 9310 4421 6545 6329 9353 5052 6500 7017 4535 1813 7585 3838 3745 3217 9894 1922 9350 7530 8364 2661 6466 4175 5940 246 4684 551 4908 9067 2607 2029 2033 4329 4592 4003 5817 8846 9023 9616 1279 927 5713
123 1191 320 5736 1821 8609 1895 7760 4424 9328 2341 710 2891 3477 1640 2948 5999 8135 4391 877 2852 8008 6043 2664 8221 1224 5580 4588 2531 6160 721 3026 1024 2437 1071 9869 3087 6026 6016 9282 8096 3159 5717 6496 5351 2717 1044 9942 52 9237 9167 701 1096 4014 3967 4529 3434 5745 4202 8828 4195 5985 1592 5539 5206 4445 5799 7777 9504 7127 9227 6376 1014 8112 6999 8568 3513 3713 4675 5664 4515 2445 2085 4260 2929 5911 1781 1120 7643 73 4079 2491 2633 5151 6707 2668 9965 9753 2216 8738 728 2422 4740 499 7843 3594 1370 1995 4959 5859 2267 4013 7055 3952 870 1708 3942 5561 1465 7285 349 3789 7555 396
112 179 6755 1565 8655 9033 5245 4107 8656 9957 2925 2752 6045 3331 5461 412 5935 3200 6084 2095 8605 7786 3452 2904 5148 4189 3173 6258 1066 8530 6379 4695 5369 5874 7254 4427 1882 8061 8106 2585 6180 6931 3020 139 3990 770 9481 3391 1622 5760 8505 5160 9961 2400 8079 2295 2781 1125 5379 7263 2407 1838 957 707 4071 1793 4902 8546 2192 9141 6066 2843 3079 5720 2265 5131 53 5909 3740 2699 8965 8562 7956 466 3859 6774 573 1467 8591 8268 2809 7043 959 3266 506 2268 8949 5764 621 9794 8903 1019 6613 5242 80 4746 6718 9061 9265 9080 1008 1333 3106
113 984 1546 3509 1448 1792 3498 353 8916 3855 9526 5123 3335 6250 5268 2763 9701 9566 7308 2097 1396 9833 5165 9952 543 9564 2202 2981 7532 3559 413 1736 1548 7763 1085 2797 3652 3227 7134 6709 2161 8346 7429 3008 2468 2335 8045 8398 1003 5550 8830 457 4575 9719 8752 4416 7688 7468 3125 9883 8934 1732 8009 362 5483 3752 2025 6330 6169 3730 2681 6526 5930 3365 225 7197 1596 6484 3354 8976 987 8991 7358 4236 5458 4228 264 3288 820 5169 879 6030 9668 6650 9187 3500 9166 1273 7065 590 2556 6711 2725 1213 4643 326 9250 4543 7119 9137 3257 3597 7019 5751
123 2428 4131 7348 7035 2198 3753 4815 3738 5396 1060 1344 5625 5660 5890 6815 5004 4571 7042 6326 6333 1293 2751 8159 8589 8338 7609 9465 7093 9622 8888 9028 558 9488 7039 7758 4617 5578 5784 4762 6360 6458 2776 4194 6214 6515 6236 6035 3586 4956 3913 7592 2586 8980 4524 3706 2625 7129 3569 114 7750 1154 1133 1916 2107 7237 2630 9993 2500 7442 2276 5418 5257 1941 5514 3255 434 2754 2103 7012 8421 8595 28 2331 194 5422 6522 2894 8907 9285 1438 6503 7549 6721 5888 1401 2596 4446 8748 9242 9877 3023 546 5707 5532 5762 2165 3635 4148 4097 9147 6913 2205 7497 5281 6947 972 5768 467 2775 5678 9874 6249 9872
111 6621 4005 4513 8978 3225 9849 8669 9980 9658 5904 111 3565 8780 2073 9663 8255 852 347 2345 8419 4679 3722 6523 3017 9758 1554 9878 5867 1876 5029 9803 7223 7108 8316 2771 9218 7575 446 9947 5900 8686 5374 2338 4114 6955 9223 3922 5081 2323 774 3748 772 4957 7139 7828 2675 8118 3145 2448 1451 7913 4150 5462 8534 9967 7025 4362 8995 354 9555 6632 5711 6688 9459 2557 4638 895 9209 3766 3612 8180 4569 9184 205 8987 235 9717 6316 1140 4227 5980 4837 9669 8337 513 7983 9522 3846 4110 490 9875 619 2569 7805 2551 4503 2691 4976 472 8138 8886
113 4450 8727 4804 1011 788 5684 29 6175 9577 4159 1533 2992 1021 8496 6705 5613 2019 6969 9600 2647 7143 5891 4224 4093 6336 1870 3209 8952 1294 5259 2329 143 3088 7244 970 7558 3129 4336 6771 9859 6646 7321 4223 1012 1688 1346 7819 3634 988 9155 6161 8596 5903 5477 2502 9494 1388 684 6832 1088 6402 6069 1307 9920 9897 5464 125 9632 6819 6983 3032 4626 4235 1141 8038 5180 4582 4480 5635 9255 9136 3181 2292 4272 639 266 8707 8211 606 725 616 4184 6242 9117 3593 1171 3064 9960 2118 6015 7524 7150 8412 3195 6597 7164 7005 1023 911 4208 3043 9503 8501
110 1284 9615 4839 3131 5973 2002 9068 1909 6784 1590 5599 5798 6498 9614 2227 2369 523 6751 7474 2651 5186 5913 5842 7658 185 6216 2091 7783 2301 6483 3868 890 5686 5455 9308 4119 9241 4254 9087 2279 9578 7174 6487 138 2440 173 4203 2431 4967 2004 9303 1767 9386 1825 3457 2023 5969 4542 2976 9675 161 5510 863 4046 712 6701 9339 48 1967 2745 8123 2676 5573 8555 3639 2012 8400 5175 5294 4019 4685 5780 2760 5500 9723 3273 9857 3510 2672 7305 8486 4690 8369 3068 1874 3989 8927 7241 1951 5417 8396 3525 8673 1811 2508 2186 2979 7292 9210 2554
135 3887 3407 5439 4731 3187 2486 8864 692 5322 268 2199 2574 4439 641 2835 6806 8716 8541 3895 6692 7553 248 2314 8414 5979 2576 3092 3857 7004 1901 5084 5155 3104 158 1621 7278 630 7614 3109 8920 6274 6571 5356 9072 3052 3557 9996 3862 964 1124 9628 9126 1690 6872 694 5334 214 5526 4514 8200 3185 7370 3199 2783 990 8349 2126 7890 2575 5885 2143 6722 5441 2397 2695 2951 4534 2871 6289 404 2756 1917 9909 3917 763 6779 4540 2808 7075 1751 3566 4933 5783 443 1885 2579 3622 5485 5228 341 875 3364 1937 3563 4901 1761 1536 8233 83 4990 6331 5872 9127 337 7602 3467 3171 5681 3573 5841 9533 5533 8509 7754 2056 6892 559 6114 2546 7901 3959 9737 1240 9367 2714
113 2611 1062 9607 578 6123 6578 3701 11 6300 3385 455 6944 7420 4103 2532 3953 9005 7267 4138 5986 3616 595 7996 2476 8586 9389 1028 8761 4629 7946 7480 7003 9060 1478 9969 3024 6935 7932 26 7205 1042 6439 4394 4821 1950 8375 3879 2828 1462 6158 3251 773 6409 4061 7400 9744 5544 7460 9771 2700 898 9315 5527 6997 2987 5184 928 5308 190 421 9840 498 8116 6603 6185 4648 3093 673 7239 7265 1505 4602 4632 1497 8706 8967 431 9158 4680 5402 1782 2791 1788 5827 932 7689 7077 8080 1428 9950 6266 3049 7364 6399 3746 8571 6051 8320 5013 5323 5761 7544 856
106 5468 9299 9819 290 2368 9041 765 8171 8618 6310 7193 4805 9472 5759 9309 3103 637 601 981 6193 5376 5193 7931 6829 2950 2759 1919 6828 8878 6783 6311 6559 4950 9139 2511 4597 7495 5434 6966 213 7923 2617 1538 1381 9476 447 4299 2044 1366 6427 1421 6906 3192 2518 6332 9369 6210 7001 4947 8977 9375 3974 365 2869 9385 8428 6423 8424 3866 3203 5347 2549 1657 1652 7066 9801 5431 3357 1925 8930 9064 2816 1152 2507 8191 4889 4168 7580 5398 2975 6673 716 4117 409 8813 6129 8762 9702 1161 3370 1445 2348 4477 2443 8990 2810
117 7667 1303 2836 2712 1345 7505 442 9059 4855 2180 9866 5992 5324 2258 2000 4546 9974 1703 2283 4568 631 3910 1987 8938 9448 9201 3489 7636 1331 6900 1549 9760 128 6404 4565 769 3179 8431 5531 8426 4464 486 1957 5981 7638 3680 5880 7857 4144 1593 1015 7972 2028 6109 7320 8770 3689 6495 5718 2982 8276 6734 312 795 1524 8411 2015 7545 5555 3447 6729 9764 2859 4792 2318 1766 5456 9576 5687 9097 7699 6058 7929 6392 4558 3733 3544 8239 1837 4042 2678 9529 2374 9813 8861 96 7812 6298 3828 7867 2358 8498 6225 7827 2901 9525 868 5845 4556 4716 4938 2705 1341 6852 3863 8953 7625
114 6845 8119 5826 5815 9421 6716 6100 9300 7797 1574 3479 7269 8344 8389 5124 1079 4727 4509 8049 9613 7501 5469 8000 5365 8882 9275 8050 86 7641 1189 6560 9156 4108 1743 9511 6385 302 4573 7046 4907 7010 1118 5643 915 2380 386 5496 4831 7311 549 537 7137 7632 5290 6054 5219 7958 966 7961 7502 2568 1956 1404 328 9188 7489 6880 3485 9584 4347 1570 1499 1762 3625 1032 6113 2646 4277 8198 9714 8287 9446 4239 6535 611 974 8133 2009 4545 5060 5061 789 2893 6925 217 4813 5884 1658 6550 8889 965 9811 5750 496 9544 6915 475 9244 4238 6533 8183 564 3458 693
127 9941 5611 8439 6393 6121 1266 923 7719 3878 5443 3082 8046 2709 5380 4476 7830 3567 1360 779 6795 1376 1932 3718 1973 8532 6174 4689 3221 1611 494 2114 6866 8070 6988 5692 7753 7236 1416 6753 3709 9017 5582 8502 3275 3416 9331 2679 5665 9788 7180 8492 1756 4361 5116 4838 7659 7908 5773 8139 5525 867 4369 5075 608 6653 7136 3907 9082 512 8753 3608 9050 7148 2414 3939 951 4263 4192 7213 3016 2789 8366 880 4822 7571 5579 7155 3175 6022 2063 7832 7696 9436 6745 2373 2956 687 1689 8124 8894 3867 7118 2674 9248 9662 283 6562 7491 7456 2907 6871 9202 8816 4437 8823 2873 4285 9014 2665 1802 7207 8474 2512 3732 7584 6168 2513
122 5728 4130 7041 9391 6719 8984 8363 8518 204 8528 6479 4585 8386 5672 4275 4858 6830 1816 4006 2801 3161 6893 4105 3241 3408 4854 1095 3702 9002 4326 5765 4346 1415 9789 3360 5509 8143 9862 5524 1817 6911 6670 9987 2296 7566 1407 3034 580 6339 4487 2157 5033 8454 1215 3941 3135 4371 1246 4169 7453 2732 9142 8043 7203 2516 8922 5315 3670 3484 1049 9433 4758 3818 4939 893 2313 4663 9400 2163 3619 3128 7339 3905 8462 9410 3139 5240 7695 2706 242 1139 2768 1812 7581 6319 9752 2119 4975 2333 4493 5237 4201 8675 5685 7062 222 1108 4173 950 584 8757 9583 1302 7656 1786 3833 3071 6894 6176 891 350 9898
115 8353 634 7766 4697 7737 667 7795 6145 7768 5063 1248 3041 5650 9914 4209 4296 7082 5127 6791 5232 7644 1724 5204 6841 5042 3348 7979 6165 1281 1490 5025 5831 2856 6493 7515 6368 2582 2127 5962 5024 1514 4834 4251 8251 9713 5190 8808 1806 5463 5535 9464 3438 8488 1773 816 4221 4964 2530 3174 9553 4753 8332 1898 254 9666 6891 1834 5357 9231 967 871 3054 4459 9290 1613 7359 8443 9761 7088 3929 9565 3441 5301 804 6088 7927 2233 5492 2087 1589 2011 2024 5967 1226 9751 121 1787 9882 9991 8395 4866 1664 8244 9124 4574 9684 7759 8155 2631 4048 4164 5543 3642 9812 9297
106 8473 5078 9948 6230 6995 6448 3856 6605 3551 1537 1628 6418 1579 6971 2886 8824 9267 2825 454 2940 8635 4736 6255 1632 8637 257 6960 2481 7630 8362 2287 9021 2410 1780 2659 9183 9861 6353 9043 7561 3588 2895 2545 5215 6531 2485 4937 9595 7157 7587 3549 9229 5566 4141 2231 7516 6390 3397 992 9582 315 415 8452 1927 9807 2946 8082 8381 369 8902 1797 9006 8357 3213 6614 5080 8456 9907 4761 8709 7957 191 4682 2855 6914 19 4106 1508 1992 7703 8651 3004 5128 9066 5899 835 7882 5777 7789 159 8160 380 9570 6511 8024 9759
110 182 2533 8201 2738 9837 5616 3063 1147 3692 3176 8622 9880 338 8010 3900 5858 9798 9288 1528 2912 9636 2614 1148 400 8636 8914 7338 5919 6318 2562 5325 5055 591 1495 2093 5359 2747 9696 3812 7912 636 9004 9490 4809 7106 6702 5317 8701 7761 1633 3473 7570 777 3845 2356 8743 3395 9403 6469 4078 8034 8996 4520 9197 4315 4654 5070 6042 6754 7724 7355 4986 9995 7600 4241 8270 3130 6426 4960 2311 1239 8281 5346 1947 6922 8272 3842 5067 8732 1735 2255 5746 8156 628 3882 4278 4020 7163 6627 4952 873 4886 4923 9510 2915 9254 2183 2076 1955 1007
115 2880 7745 3534 2036 6184 1899 1410 5782 2892 1220 3373 2931 7319 1489 525 9704 975 3261 2762 8606 9163 3530 1194 4162 6519 9685 6288 1039 2688 6025 4897 3661 3290 9224 1181 2366 5229 2449 3098 4517 2813 8195 6128 9517 3276 2149 6878 1311 8585 838 9302 9430 1525 8593 5145 5934 2419 8634 5053 9260 189 540 8765 8654 3406 6804 522 7079 6099 7573 7383 2669 3329 2697 133 3293 794 1755 7326 4710 4497 3518 1670 6211 3080 2040 6132 8617 4877 2462 7816 1058 8751 1647 1387 359 9247 7969 9414 3607 9710 3743 47 8607 8597 3493 25 9574 5260 6405 6912 8537 2910 6044 971
