27 4948 4208 5829 2216 8285 3807 4355 5298 4907 7712 9436 1589 6709 6276 207 3440 1379 2460 3898 3641 9878 7906 6931 9850 1187 4621 1279
23 6541 8792 3426 9613 9935 3735 3621 7488 6571 2186 4932 7550 9063 6217 2114 5616 2516 1939 1174 2169 5586 2880 5061
15 8950 7116 211 984 2173 2264 6106 893 4365 9894 2777 9444 3171 1936 4818
21 568 5954 3067 8795 1365 1733 9928 6319 7659 7365 6372 2974 1274 2131 4812 526 8666 4172 6911 1929 244
23 4494 200 5920 2881 6251 8809 1302 8344 4997 8992 628 5594 8235 9338 2775 4554 4451 1226 2055 8710 9472 6746 875
8 7561 8020 7325 2007 811 5859 1134 1537
17 7399 3362 1416 8067 8197 983 8734 1440 5965 3837 7437 5688 5753 9220 1727 3890 7610
27 4379 1030 3050 1186 2181 633 8445 272 6041 1176 9333 5733 7405 8776 4386 7023 5081 6482 4510 9831 5361 8594 3528 3100 7285 4044 1600
6 311 6904 4646 3163 8467 7072
22 2356 6128 5503 9037 8367 3439 7239 7194 6897 545 8623 5128 9713 3552 1076 1952 9371 794 8770 5174 6453 9430
13 9084 8892 5698 135 6313 3729 7947 9898 1367 5334 3965 7441 9908
24 4090 1625 8254 7638 7690 6402 7232 5603 8485 8099 5608 9148 363 3822 5467 4551 8834 2337 13 4622 8957 2282 9446 8733
26 768 8302 8277 9845 9602 9512 2952 967 4347 3027 732 1316 3763 3131 1795 8942 9596 8888 1043 1290 5273 4186 2117 5803 1571 9242
9 48 2928 6293 5382 1067 3705 5272 1708 9502
22 2695 2963 9557 6575 8530 8990 2885 2548 576 194 7004 8936 1329 1426 362 9024 7968 5876 4350 3985 6185 6114
17 5717 6735 1689 9252 2769 1618 8052 4367 5634 5831 2094 2730 4741 437 1722 8905 4023
17 7956 2426 4467 4439 4900 620 988 6592 5431 8369 1701 231 8543 3569 520 7440 7007
6 203 3864 2836 3813 396 7332
23 6706 1313 3602 1797 4587 5660 2160 7316 2095 4426 9337 9848 771 3214 5807 4142 1478 6975 5147 9569 6987 9781 1115
22 9140 6304 2782 3396 3666 1465 1169 6657 7503 8516 5976 3902 1604 2351 9258 7838 9642 4813 2814 638 8632 4463
25 84 5890 4761 780 2207 871 7041 4105 6184 8437 1314 5326 9786 644 9861 746 4197 7042 8106 5631 2897 8781 834 5164 4102
27 5693 7546 6202 615 5539 1557 6172 4853 6391 8126 3999 3011 6539 4801 3320 7656 2349 4363 763 5003 4257 7649 3724 8921 1418 2602 6343
19 837 3490 1233 977 9105 6570 6659 4449 1922 5190 6448 2583 3080 7138 7733 4675 2961 2640 8404
10 1105 1949 7872 6898 5391 242 7528 4727 1744 7458
9 5868 6547 935 6985 9809 6386 1875 1198 1339
14 474 7864 7779 9732 963 1385 3355 9787 5011 9146 7484 5490 6676 234
9 8329 1970 8978 32 233 9763 1020 4504 1495
22 3253 7097 9804 5621 8665 7595 2809 2906 8326 1411 2485 8886 7854 2575 2194 6153 5318 1931 8884 3386 6812 2925
12 3869 9503 4016 9018 8412 8300 1117 9015 5794 8105 6583 6080
16 8640 7792 168 4705 1777 3915 4029 2011 5014 2174 7866 9321 6726 5607 604 7632
20 2009 206 9289 6012 5116 412 6211 6235 6863 4280 6214 3125 7836 7623 9650 778 4929 9915 1357 4538
26 4435 5808 7737 1963 5628 6643 9539 1259 1831 8986 2956 6471 2097 9445 6887 4783 1184 6521 2833 8865 998 3619 9536 1717 7052 3045
16 6807 9633 1685 6356 5123 2766 2805 1870 6860 1083 44 4604 9097 9506 4963 3079
7 8670 2298 7601 7338 3505 1063 7467
25 7928 1363 8447 3468 572 7019 9546 6243 1715 3454 6821 1629 9933 7802 2712 7835 103 4226 2411 5619 3994 4634 4271 9879 3093
8 9325 4233 3263 3740 494 4027 7387 8228
15 1992 8588 5285 4020 7698 2217 454 9346 6384 4779 1084 1653 5370 5551 2854
23 1515 409 332 3334 950 39 8266 1748 7091 7250 609 4039 7204 4563 5867 3742 6644 9717 3825 6271 8097 2144 6167
9 9393 6786 3325 1729 5091 3887 58 7721 500
8 5769 3358 9099 4392 4759 6481 8319 1378
16 8518 5466 7372 3200 9795 8937 2355 7984 4209 9328 714 1988 2348 1789 1546 8244
7 2384 4998 9241 8517 5606 2236 7988
10 3156 3865 9469 2660 9764 3589 5079 858 4572 2671
8 6403 7882 1428 4345 7025 7892 3446 9208
15 6901 5402 266 5187 9975 9817 2037 4487 6854 8162 641 6650 5009 1796 6130
16 1543 8370 428 6710 5228 7665 6297 4236 8935 8767 9548 6289 8196 7050 1284 5571
25 6831 2422 5540 4109 1201 5344 8595 4014 7599 6281 6661 2127 3953 3063 869 3978 2321 2608 6246 5408 3346 6369 5932 2745 7697
8 5137 2110 7220 9868 2533 8068 4452 8877
13 3442 2132 9634 9116 9134 2954 5437 6238 1087 6465 5659 2415 7142
22 700 874 7430 7574 5303 6305 7933 1048 4561 2089 5694 3523 9235 8202 5677 7850 2604 5737 1015 5821 7771 149
22 2949 3311 7867 7662 6274 7262 9247 8304 2936 6530 6947 7345 5207 4556 9260 8282 2457 1951 59 5504 8918 8949
28 713 627 3510 4207 6475 842 6133 7187 7498 7366 5379 37 8539 3659 2257 3164 3177 882 5146 1128 5926 4611 2138 6113 6288 9578 1896 214
15 2135 3891 6425 2464 8854 7344 5709 2614 9547 1132 943 9532 2921 9423 823
26 6412 502 8207 2566 7916 9466 7068 2290 4667 4688 8294 9431 6225 5308 6284 5775 99 8096 3791 5057 1887 2848 2417 5126 9971 1373
23 4377 9666 2495 3989 9951 161 531 2515 8312 3710 8017 9541 731 6464 9883 2331 6826 7664 1599 7818 4177 5155 1989
23 2247 271 2657 3544 4139 5622 9812 5981 8325 5166 1035 6636 3303 8515 4134 4399 5294 8674 7783 8171 7977 5605 3730
8 9563 8586 9286 95 596 7535 5982 1666
26 9305 8073 951 4869 5601 6082 1710 8316 5134 9043 9682 4512 6126 4527 7241 3733 4967 7163 1141 6585 1318 8069 1248 5672 980 3979
9 3696 7904 1925 4500 7910 9494 1472 391 2246
11 769 2718 6072 8487 7950 7391 7375 3812 6434 7146 4234
16 3167 9733 2425 7444 2204 5530 2637 4766 1060 4820 4905 7825 1558 9844 1924 5701
12 7463 3138 8629 128 8823 9654 7442 4709 1817 1680 436 7976
27 6783 2026 8449 9965 4875 8419 6024 5008 1521 716 9157 7065 5384 8436 3223 5229 6419 5283 6573 5368 7235 2243 8113 3021 1967 8118 8579
24 5299 5343 4781 442 6255 98 6498 9375 9272 4496 9881 9767 4442 5475 8317 7295 588 2269 8397 840 2228 5188 104 1197
16 7936 5250 8872 9718 2087 7354 7421 5197 413 7617 3304 2767 1080 6105 3800 5493
23 5192 1883 6804 5017 9282 8188 9424 3394 9837 6064 5801 7672 9435 5288 4640 6099 8894 5316 6181 5953 2040 1328 2476
16 4059 7451 368 4898 6667 7671 5010 2306 5290 7885 5790 4374 6111 5037 4731 2752
3 7429 8227 3198
17 7861 1421 1874 25 7032 1687 5549 4010 2747 1556 5857 3313 6467 7822 6426 3275 6628
24 9707 3104 7428 5535 7382 6967 8493 6893 3691 196 4221 4582 7298 184 339 3344 9528 3516 1582 221 7899 3438 6997 8569
25 1315 8055 5500 4349 6718 6119 4089 4113 5201 2373 4106 3242 5416 220 1858 9332 452 108 6968 7985 3928 3383 2509 67 536
24 5300 3826 2780 5351 7208 767 7912 7501 8911 6226 8811 2816 9107 9525 4287 7343 8636 6158 12 2862 4103 8714 4041 4217
10 7013 6520 702 4310 3009 5939 9766 4964 7699 6366
7 9619 6694 7948 8452 4156 5545 4060
24 1138 2335 2401 9874 3795 4615 4371 9082 2370 2863 8833 9674 487 7240 1007 2744 9840 7144 2847 1001 3408 9244 4360 162
15 8878 7483 6839 2580 7839 3668 9094 5776 6673 8396 7789 3643 9566 8804 5102
18 8731 9463 6493 1 8529 1910 458 5782 6684 4317 1064 3378 9700 6350 1053 1639 6401 3467
11 2917 7319 9954 7280 4332 3069 8331 1700 3896 8168 3522
16 1335 3575 4717 7071 1671 27 3427 8255 9814 3260 6665 2844 3460 3377 6207 2665
25 303 1860 6740 5295 2352 5952 2126 4130 8857 2402 4430 868 5762 9719 2830 9922 8174 7424 5230 4911 7289 3443 9334 3695 4610
27 4071 658 3329 9559 5892 3036 1491 3190 1846 3648 1271 2141 618 6325 7969 813 3419 3764 784 8456 2318 2502 4393 1359 7582 6317 9635
10 3307 4084 9579 2480 6641 6857 5872 1905 4469 7713
23 7005 3475 1326 7580 4602 8575 1311 175 1790 779 6129 3774 8634 8333 2096 5947 8080 2449 8690 1006 6496 3876 7409
24 6815 8274 7379 6189 2984 4651 9302 5364 3235 1493 4122 4135 3768 7126 246 3343 1148 5758 9940 6016 9365 8065 7794 2441
9 1305 8979 9078 1904 2831 4099 1880 1545 9329
24 6263 5358 4863 7373 9070 8953 6681 4470 4620 2285 4681 9615 1258 1334 4242 8580 5760 1972 2410 118 889 8639 7837 2505
17 4008 8699 3459 482 1267 2751 884 1766 1156 1739 2170 4018 7824 464 9788 9588 6332
19 8310 7346 6397 8903 3300 2378 5696 9323 167 5961 5609 7946 8391 3417 3458 7173 4327 2033 1679
14 4078 3168 2455 4657 5686 8176 5576 8820 8638 3686 3233 8181 2549 6143
7 9976 7406 2212 9072 652 2262 1190
25 5445 2511 245 2639 9209 1539 8159 912 4768 4893 4188 6249 2582 1763 4603 8144 8503 6096 2914 9396 9918 8131 4775 5802 6107
12 9913 2184 2850 4992 9658 2859 1915 324 4972 8648 1962 6149
17 2883 3092 720 2852 986 4696 4528 8821 7423 602 8327 4057 2658 5924 8511 6423 3571
23 1900 7398 9087 9255 9353 1386 6969 7263 3609 8631 3757 1262 7273 1151 6964 6892 5555 2013 2554 2032 3968 6936 2190
7 9847 3918 5856 212 6764 7110 1374
7 7270 2343 4874 6525 7233 1975 4557
23 8708 6003 47 3833 3022 9457 2404 6393 808 151 5877 2950 4240 2022 3280 4231 9169 82 2794 6260 2255 7604 1851
8 2015 3292 1840 1058 1065 1654 180 446
12 7657 7329 6856 5650 7434 4806 8101 1159 8625 2375 9292 2072
24 4601 9996 497 1684 8652 9156 462 3425 9783 6773 1516 7377 5355 9856 8465 8206 79 1899 6349 8453 3690 1343 7775 8332
27 3549 5487 8440 2681 7567 4035 7479 9564 8125 5417 5464 4947 2325 2447 8651 6651 3034 54 5580 2474 6376 4531 710 9730 3087 890 3065
23 9003 9920 7028 318 9586 5910 9248 2205 5502 2084 420 3472 681 2249 8132 5978 3014 4127 9796 2719 4206 1166 3259
9 6381 2233 8262 3193 9462 5080 3256 6144 1344
16 563 2693 5233 4529 4817 8472 8849 5731 6635 1254 1547 5253 2772 6030 1750 3110
24 2571 2748 6884 9926 119 9065 3051 2292 4159 30 5268 4608 134 8443 5946 2002 4174 3848 8363 7161 8377 6909 6091 8993
23 9514 6851 7927 1260 8784 1189 7564 4358 5670 9275 2995 9672 8859 2223 944 4769 4752 3521 5403 7369 8384 6708 94
11 5440 5359 7768 9401 2992 6652 6380 5409 9377 2918 4334
26 1757 4260 493 2915 2653 4326 843 6910 6699 3498 3222 7939 3283 347 6549 5707 5588 5345 1419 5896 3671 7566 8117 3675 1507 4370
27 6670 3249 7320 3068 9757 830 5994 7256 9478 4552 3031 1810 5529 9331 9594 3401 5843 7523 479 1202 2152 8138 3107 8874 3969 7886 1982
18 9752 9864 5156 8063 816 7130 2039 8907 1049 9096 5974 3388 2030 3347 1017 260 3895 4999
18 5497 6745 9702 2525 1282 6223 7046 6833 985 2739 3096 3175 5296 1452 1681 8082 7181 5544
20 1097 4537 1323 4066 7000 8681 2663 6907 8659 6306 9103 6353 4903 7031 1673 5038 9048 7376 2302 7997
16 677 8189 7140 9625 671 5169 6026 6925 5998 8553 8430 2073 6439 9317 343 1577
22 3607 7198 7874 6538 2937 7457 4724 8798 7080 15 3894 7962 3650 9629 2855 6993 2277 1301 2750 1497 4729 6146
26 3629 4223 2642 3354 5213 956 761 7411 2867 8687 5356 9810 9508 5002 786 2728 6256 340 8712 1645 8684 8581 1586 3032 250 8542
16 4094 1013 3608 7926 1298 4579 5676 1390 8641 3712 8123 9380 1468 410 972 4258
8 2920 7993 6879 7630 2617 393 5918 1022
14 9409 661 513 5049 9171 9952 5400 4274 799 5880 1217 4323 3888 7678
25 2720 9768 5006 3462 2036 267 6121 9027 9482 2737 1911 3447 3567 1463 4176 1370 5774 4422 5836 3095 8385 690 9427 8941 8350
22 6277 7318 9012 326 1873 7922 595 10 7624 4340 2332 2615 3246 5438 8934 6358 7563 1029 447 4277 9117 6396
11 5235 864 8783 9890 9575 3936 8732 9997 7459 2359 5669
15 8477 2538 1852 9815 475 4971 8664 2933 9231 8975 5463 2707 9439 1336 240
18 7475 8435 5369 8328 565 2338 4541 990 6946 463 4916 4569 4979 5448 4837 4600 2709 9573
24 672 394 2784 3541 8816 6966 7211 1364 5967 6379 7626 7879 684 743 7033 2050 3911 955 329 3217 1306 2522 4203 50
26 8292 6951 739 5214 1997 8421 8236 643 6374 4498 8760 1424 1525 3299 905 2159 630 8919 8321 9552 6183 8552 4357 2661 848 204
12 8773 4144 7213 8441 9057 2103 9095 2221 9131 7945 683 2377
24 6002 6913 7314 8464 1010 578 6587 8237 7817 1921 2715 3455 3700 3805 8954 4192 8468 3787 1147 9765 8514 1068 7565 958
7 3055 5027 5887 8967 8893 1237 3798
25 4742 5572 2957 7704 1276 1550 506 3746 6163 3570 7594 8616 9630 1382 346 460 6074 4509 4364 2785 4663 9753 8700 5104 2691
9 8890 7003 5232 8959 1203 1897 7829 92 3335
17 1178 881 515 4573 3639 904 4577 3658 1991 4691 4976 4445 5476 7731 1247 5750 1805
23 7070 7889 9813 3066 9620 7884 6999 9526 5163 5929 7781 1145 3376 7322 3312 7989 2379 5972 831 9269 1965 3162 3689
17 2432 6877 1170 6307 4246 5566 7492 1913 1146 4052 3736 6935 9281 3412 4712 4612 4933
18 6822 3384 1955 5205 3058 7883 8190 6161 8644 1199 1612 2501 2358 5975 7069 6010 7770 5736
9 7965 2357 2031 2573 3134 4908 3930 70 5024
25 1867 2711 3461 533 5955 3565 2781 4872 5962 4669 3748 8649 2279 870 6545 73 3922 3971 6685 9993 6001 5697 6917 5849 7044
22 7499 9544 1142 7102 7685 3493 8806 9195 9611 8551 3474 256 7520 2389 4501 3900 8315 4860 301 114 6191 2755
19 1273 8203 2975 7347 2088 5203 6395 8794 1506 8267 5439 7374 9196 5265 7058 7795 5404 4734 7715
15 6252 5317 613 8697 8005 1954 7300 6421 8183 9120 6664 6508 7265 9227 2101
21 9256 3119 7103 8193 8926 6940 3130 2552 7371 4118 2005 9746 8589 5653 5436 6242 3064 6177 9941 429 5527
22 3580 6633 6645 7534 7732 5725 1448 501 5689 7510 7917 2590 4436 4179 5895 5248 9558 1207 8414 406 9327 5363
17 3817 4414 9137 9320 6069 9947 5428 6357 1330 7680 9106 1670 344 4030 5745 8000 4662
24 4758 3409 6199 4387 8448 782 8791 4544 4555 8860 5809 65 5909 9798 1457 1155 9745 3868 5889 3975 7644 715 116 551
23 1560 4984 1492 1697 5377 9232 6962 3429 880 243 9697 619 647 3382 7491 2870 3140 296 3390 6533 1139 1164 1868
16 8175 7612 567 1784 7248 7686 9071 1785 389 205 6322 8722 6351 1504 2773 6852
13 5335 7287 7357 8832 4285 9202 1294 5579 4356 6452 4825 3489 7581
10 2581 5739 6844 6212 5715 6948 8012 4247 2840 1619
8 9504 2491 6007 6060 6145 6262 3004 2078
13 1066 7810 4666 5212 2916 7172 2754 4921 3752 8293 2229 7547 1000
26 187 6924 1674 825 2497 2041 529 6832 2156 2054 1045 612 2740 8250 556 8003 5945 2803 7127 5360 9004 8008 2286 6866 3035 2158
15 6031 6793 8428 8628 3336 1092 110 2550 3627 3762 316 176 4542 7271 6792
27 423 1734 3579 8766 849 3966 1886 3793 9408 7940 2841 9213 7461 1351 3598 8704 2066 5142 5252 7202 8757 9589 2845 5543 5305 7718 2734
21 606 5034 7088 1002 1480 2756 3568 2365 1432 1957 2029 4215 2450 3923 7834 4606 6266 8879 8036 8550 490
15 719 5352 4937 3536 8763 3506 2459 8455 4922 8139 5813 845 8092 1499 5532
23 4839 4511 7293 1121 3605 4291 2797 993 4147 2121 1389 9884 6442 4626 2721 2569 8418 7390 1213 1821 2049 1754 4269
22 5324 3572 6135 4107 6430 9160 5372 7647 3137 5587 6923 9621 8231 5765 5897 4633 8647 3518 8301 4899 4993 6134
12 5970 6361 9144 9483 605 3604 6700 7413 424 4955 6469 7454
22 4309 8426 6654 9341 1647 8597 979 2035 2281 4093 6522 4333 6497 2488 9203 7953 4354 360 5665 2154 7944 1124
23 2465 6150 2074 6066 2187 4278 5074 3846 8721 6116 4906 9572 7336 5624 4284 5446 4049 9212 8847 9590 4649 1770 8308
16 7109 3986 6678 2749 8676 954 9973 8723 2310 6470 8709 5063 6490 3267 121 4961
26 88 2429 2106 2605 3502 141 3477 8506 8560 6920 8813 2354 8247 4619 5987 5392 4797 9257 712 8137 4322 6331 8251 3478 2231 9091
14 4679 3338 7865 7853 3630 2183 3815 8678 4306 3037 7611 4157 635 4329
17 5934 5222 3147 1836 4835 577 5643 8124 9606 9689 8910 1633 1822 6504 3422 5673 9983
6 4525 6377 6363 522 5129 7432
9 549 4184 2934 4990 4744 3215 2082 2758 5604
23 2519 6529 7064 965 9182 7682 46 7903 9268 2397 6728 3573 6600 8394 555 5489 2861 6876 7133 4521 4488 5704 925
15 9313 2512 3276 9562 6563 4624 4472 9361 274 288 7333 7667 4949 5225 1469
23 5018 7224 8573 4782 4250 4913 8785 3509 9278 1291 1477 6388 9904 4814 4743 7307 9390 3405 5312 4912 8801 5781 4473
14 6466 7575 262 2483 179 6071 1665 7083 2211 2463 1470 6117 6612 6052
7 1209 7180 2736 4303 8026 232 9330
23 3090 8713 5746 4635 9485 4228 3636 9742 7693 5380 6953 4762 3379 2091 7157 4580 2759 2610 6978 1009 7164 1823 5499
29 6689 3527 5744 9187 4437 2731 7901 1511 5260 9077 4821 9593 366 4423 9828 2419 4719 3019 4148 5342 3677 1581 757 4158 2225 5629 2232 4749 9714
15 2735 3257 2603 3951 4583 6413 9254 354 2787 1246 3028 1736 3117 6355 7115
9 583 8536 4411 6382 791 4785 5919 8913 8280
24 55 9011 6454 2385 4966 3418 4834 3146 9229 8177 8689 195 8852 5546 1354 2339 7964 8156 3586 5185 1656 4038 9554 5396
21 8840 3990 4973 379 3685 2024 2437 8997 6124 9447 7887 785 8256 9567 6586 566 8057 6411 4092 1853 7584
18 1833 5710 4421 7554 4520 8135 6524 8479 822 7681 8858 8925 4311 7744 7450 7101 2903 308
23 6115 9030 8379 6584 6871 6932 4584 1725 5210 1266 3074 8972 9005 9223 3113 898 4185 5449 6959 827 947 4985 4917
6 3654 1107 9016 4401 5044 6738
22 1978 2079 7471 3199 6222 425 8814 4978 4614 6802 5645 2081 6553 5276 8195 2136 625 1055 8218 581 5309 6918
26 541 5517 6903 9450 1222 8116 4213 6333 4062 7788 9152 5590 3244 2666 5916 6732 8208 259 5832 2210 2200 8223 5835 3831 9198 7608
21 375 9191 3594 9751 8909 9994 4351 4805 2462 213 2149 4216 8276 8048 7311 5923 8185 8269 6364 8121 3558
7 1135 8070 2725 5841 7445 3672 5526
19 297 5748 9452 2171 1325 4532 4489 1682 6154 4763 3106 901 770 7123 4725 9129 2801 4248 6789
14 4637 4910 7085 4450 3482 8018 929 592 9225 973 8336 7299 2469 9520
23 5885 2838 975 9680 8034 5453 3531 8450 3992 946 1889 3495 532 8238 7079 2219 8372 2964 4241 3548 2938 6375 6824
20 9523 9052 4613 6132 1487 9833 120 1716 2729 9366 1894 2428 4222 1849 7260 253 9749 2664 4397 365
12 6198 9631 1628 6186 8614 249 2288 3809 8098 8136 3413 5778
12 8962 699 7585 2209 9429 1738 2065 959 953 5986 5548 773
15 8703 1251 1438 3632 3370 4595 9741 7075 8726 270 9785 9367 3581 107 421
19 4346 4706 3849 5712 8868 7278 3646 387 5635 1396 6888 7995 6557 4849 9415 8568 4753 909 1230
22 24 4959 9626 8309 9382 3585 5107 8245 5062 3436 5167 8931 9039 4975 4755 8499 9797 8311 2238 1387 9966 9455
23 1664 4693 9090 5054 1863 1443 8014 550 9592 4692 8750 5589 3625 4199 2446 2391 3310 5055 5786 9168 1534 1615 2105
21 4150 789 3906 1476 4249 8366 6312 449 1409 3937 6817 9243 469 8249 6853 9448 4735 3133 4091 2659 1026
15 7913 589 740 5357 3091 3852 1127 3814 8275 3519 6102 5989 4120 3264 5792
22 372 2143 1804 5554 846 2000 2077 2394 3622 3782 5105 7383 5625 3363 7526 2679 5591 1614 6022 2208 298 6858
6 3578 6630 8605 8147 3652 1037
24 2869 2641 7975 3083 5626 1046 2732 8062 4787 5519 7363 9716 2644 1971 3803 804 345 4508 1362 6229 2965 4389 1728 8928
7 7040 6200 1399 3265 5350 7539 2021
15 4143 8149 6164 3424 7557 8772 5557 9044 5883 1425 6559 6440 3715 2471 2104
18 3444 5491 2442 4396 4585 9068 6283 2612 3085 9821 5259 7419 2265 685 6032 2652 4486 3818
15 961 7129 3717 7086 35 5751 1263 8782 5289 4266 4843 4032 510 9218 9360
12 9449 174 2486 631 5973 5927 6588 6486 8863 3617 5938 3860
12 920 8029 9314 7668 8523 1181 7809 6980 3525 398 6768 6405
9 4855 7711 448 4703 8071 5321 2983 564 8619
25 273 3236 608 5510 3938 8989 9738 3507 2977 6519 1834 7871 8081 5805 6736 9279 3728 7833 2564 913 8049 6803 3897 7542 9647
24 9888 1984 3317 6965 854 7494 2250 6896 883 8160 9403 663 9204 6092 1575 228 4995 5811 7568 6806 8725 8463 1347 2646
23 4894 8458 19 164 102 6639 4270 3694 4892 6820 1307 8729 8015 4931 7159 7577 8043 7676 7327 9998 181 8556 4896
9 2061 1194 6669 2240 7679 698 6429 738 978
9 1005 1192 9509 8866 2408 9938 7545 2193 807
16 5860 9412 2714 601 6338 1079 514 5879 9322 9778 2344 1075 9416 1632 9587 8727
12 3855 6450 3191 9871 8882 7812 1934 8571 722 6603 341 6365
7 9799 4170 3202 8606 8491 1126 5928
19 4307 8462 8410 8915 3784 6737 1747 4033 863 6894 6626 764 227 4312 3224 7131 5795 2342 7395
9 3371 9543 5983 6834 3755 6704 6385 5865 4
9 2559 892 5541 5620 6398 3993 5087 9962 5903
5 9550 17 9917 3053 3560
25 222 9128 8158 3375 856 3802 2178 9842 1391 6683 7967 1394 1850 5796 309 8944 573 8899 5269 9061 4777 3289 1224 7749 679
7 6916 6752 2147 7196 2591 2692 2085
11 8758 3430 2346 9451 6958 3486 7185 7225 356 5255 9461
25 117 7849 1200 8146 6825 9392 8956 4895 8741 5026 3796 473 7292 6720 1036 3834 2726 9984 3871 8383 8045 1567 1234 1798 1809
24 5086 2424 6192 419 6771 656 3420 9263 9357 7654 8129 8061 8438 1596 7738 3954 3324 3250 8621 359 818 3747 1392 4243
11 6695 109 6410 499 3926 6811 1241 9125 2472 5162 3870
23 7929 9274 6265 5777 6220 2982 2680 7143 1320 7500 2047 7443 1205 1161 6449 9266 6318 4909 1690 2824 8549 4723 6232
20 9675 1637 7846 8574 3739 5913 3247 7763 9704 1678 3309 5641 8222 5407 6045 3238 8718 8163 4193 4229
23 7401 3196 5996 4153 3108 6392 6346 2667 3754 485 9038 6873 2710 125 3158 5270 6653 2812 7813 6761 938 6555 9123
17 4618 6110 9851 7236 2333 1762 5853 1943 3044 2907 9407 9418 1559 3251 9960 5095 7134
23 6663 2313 2942 5888 5662 5656 930 3228 508 8502 3340 634 9021 9122 8287 8964 7826 2998 7001 636 806 8764 9728
23 9679 6658 3024 6711 7193 2999 6814 7856 105 1819 1741 9961 9663 1481 8593 5058 3559 7006 7037 1173 3943 9776 9905
15 519 1605 489 5721 8991 8768 5684 1799 1598 7090 7418 5573 3723 2109 6445
21 4058 1773 8995 6076 7778 9299 6864 7205 5097 1116 3563 6109 1484 6606 2317 3931 7943 5512 8923 6015 7168
23 7957 4720 435 4405 1613 7548 949 5256 724 8140 4590 1818 8900 7695 2795 6278 7742 3359 1038 4522 4302 3369 3279
19 1776 8736 2409 2473 1415 8296 8688 2341 4218 1999 1775 2489 2727 7485 1356 8613 5814 2546 5046
24 2316 9347 4428 9166 3816 439 4645 660 5824 3271 8031 8650 3201 154 6215 6227 2579 2968 4294 1377 5652 8528 9428 2413
22 4586 3651 3616 4409 9177 64 459 2393 527 8524 8283 7549 9522 4146 2792 7214 8371 7719 7480 2815 3144 4888
7 6321 4996 9665 3213 5110 5577 7107
12 1866 5182 5663 952 2368 8645 9167 3709 6614 3987 4925 4671
16 8204 5089 7108 1111 8241 9802 9253 87 5410 4129 1120 797 2312 9296 7330 5935
14 8179 8587 1527 9524 3583 5070 6610 2656 8424 9343 9711 8318 9667 5956
14 3457 933 2261 3775 1872 1061 3330 60 1514 2786 8119 7436 6267 1257
24 6456 4225 6523 3112 9923 2924 5569 1012 1513 6047 6859 7605 891 8355 6890 966 5964 7035 5931 4292 1576 6939 5397 443
7 8184 5864 1183 7655 4432 6619 1232
19 580 8348 6582 2314 9720 8974 6326 3142 3935 673 9066 9921 6348 5718 796 5873 4562 6067 7597
15 4788 4940 9511 907 9897 4828 5907 1709 3776 859 8200 3272 4811 4506 6534
15 5598 7255 3885 5678 6156 3851 582 3392 8779 5882 3916 9285 4151 4083 89
22 3692 6029 8133 4885 422 8324 934 857 8661 5600 6734 7388 760 1608 4707 4589 3633 7511 8883 3206 8109 7078
13 6952 2470 2927 4070 3508 792 7356 1892 6565 1958 5264 6722 2172
17 1269 3773 6340 5593 3767 8976 1901 5109 160 5066 4576 7427 3184 1761 465 2948 6754
26 5406 2973 4410 9538 3054 9262 7633 3165 3432 7689 322 9080 2003 63 653 7053 8797 1669 1341 6241 8626 7254 1946 9454 2295 2433
13 8406 1240 4205 4953 1944 1960 4009 279 8805 496 8322 6941 218
23 5161 7337 3445 127 9276 1098 6056 3173 5039 6785 2068 5483 2655 9903 2165 4054 2253 7734 5389 7583 7646 361 3046
21 3564 989 9497 2741 4689 8033 4440 414 1535 2004 2672 418 7257 1021 9540 6294 9126 8769 8205 2705 2100
8 7640 4080 3181 5837 2866 5141 7954 2458
12 1888 4352 7113 6286 3013 1839 2018 1987 932 1095 1909 9910
19 1735 9985 5815 6279 377 2532 5810 9335 9598 124 2201 1517 4795 6973 5817 3664 1235 3094 8692
11 7119 1651 146 4065 8819 4902 9740 3903 5574 1631 7730
14 5304 3188 6836 6021 1218 7941 3466 8264 4567 7725 7982 5199 2811 4483
21 3025 7156 3783 2167 3624 1069 5042 9498 7340 7397 6054 5863 5414 2562 1479 5730 4771 480 8233 4293 4456
14 1353 2537 2518 5375 5866 3086 229 8544 1052 4716 8685 3070 2542 5429
10 3471 3647 3187 4390 3534 1903 327 2688 8186 307
23 157 5636 5507 9297 9118 7034 2320 4824 5462 9192 5411 9295 727 1648 1360 7324 3128 8 8041 8535 4042 5374 9124
23 4214 5902 4164 6141 2686 617 4819 4167 4330 8745 4198 7735 5419 8611 6899 5617 9290 3252 3061 9150 1638 6180 917
14 734 2112 9064 9481 252 2541 3297 4505 5682 2057 2496 7026 4939 4464
18 4495 69 2717 1977 4235 928 5558 6528 5365 7552 6373 7310 4273 9860 2336 4348 8901 4958
25 3149 1630 6420 2198 1152 1109 4617 2122 670 2504 9779 3487 6827 9989 4822 664 1848 5735 4641 4803 5415 4627 85 7404 6919
15 6039 4965 2294 2699 4480 7495 4983 8083 4591 1786 3741 7313 2558 8889 9315
5 3743 5025 9927 2134 7477
17 3693 6849 2690 8835 9487 9440 3465 8895 3547 1918 139 750 8365 9312 4977 6414 9721
15 445 8786 6023 3904 9265 7169 7381 4767 90 3212 2971 2889 574 5922 5059
20 3103 2626 3017 2857 1349 7898 777 9022 2990 2892 2499 941 7487 9036 5949 5249 8433 8599 2911 9782
12 1528 7804 6362 927 8216 8211 5848 3042 9304 504 4183 2063
15 2020 4980 1830 2799 2119 6422 8263 7453 9519 4476 6867 1541 6800 2456 3120
21 7862 9636 5004 3072 1125 3777 4210 4708 8497 9692 2798 3415 1641 7166 8483 6675 8751 2090 7060 4155 3500
14 8342 8209 5711 9657 6407 5310 9632 9219 8225 2923 2478 5430 4868 9326
24 3281 6741 1090 417 802 7692 709 8970 8620 350 8565 4597 7893 8744 6472 5773 9010 8380 1467 7099 9001 2514 9387 3731
6 5649 5597 7538 4694 5761 6753
20 2986 1609 4807 7870 9830 5584 1676 4773 5992 3449 4950 3962 6668 3302 6136 7489 5068 455 3352 5637
17 7141 8484 2305 9464 8955 6336 1862 4087 8134 9378 7321 6928 1486 829 2778 1956 142
22 2912 6558 5511 9345 6589 3098 81 4046 2935 2443 9389 5568 6303 9531 7728 4599 4286 5789 5277 3597 3179 7036
14 7952 9925 3750 4740 7765 2369 2361 9261 5413 7002 4991 2544 8217 4053
24 9283 150 6316 9477 7282 9963 1101 5101 9843 9583 3416 8842 1057 9093 9726 5450 6368 9467 2113 6328 5999 7389 8540 8260
17 3030 9306 3786 665 9949 7253 8533 4515 5284 6996 9293 8738 6337 4187 3956 3367 8022
25 4842 8224 5654 3680 6729 4639 1297 2796 9789 1692 6602 7353 3920 5633 4816 5691 3254 2301 787 8429 9906 3912 8927 1947 7145
9 6961 328 6912 9754 3841 5985 1522 3387 7756
16 957 5332 3905 4276 9344 2647 7774 3698 1542 9643 9339 4378 974 8090 3203 645
7 5341 7716 5763 38 5421 5435 1118
21 9216 9974 4482 5732 2543 542 8288 688 693 7012 7855 9173 9873 7859 6770 3878 4726 9758 2560 4605 4320
24 29 6502 4141 3411 8167 8617 4832 2468 8416 2955 8432 7160 8388 3132 4751 2746 4408 1570 6929 7038 6323 4623 3360 7326
10 3988 2523 3512 5991 8885 86 7652 5136 4086 7708
5 622 3539 7476 9170 1427
26 1040 3596 3640 6058 5816 7438 177 8585 1523 1568 3977 7521 4454 2873 4684 5275 7660 4413 6205 7896 6760 1916 3484 1482 6604 5056
21 2576 5237 8035 330 6476 2477 4072 9319 754 4289 4870 4341 3151 1990 9200 7184 1813 3286 2530 8977 7456
15 5716 7666 2297 6462 8537 6640 5459 1398 5118 5077 9041 4133 20 9701 8671
12 6228 4575 7683 4854 9964 4838 1961 1966 9999 3023 6750 2527
22 3555 7891 2896 4344 4593 8843 3372 5292 9739 4632 5980 4136 9051 1122 4530 737 4809 4884 691 2386 4607 838
24 5424 5818 817 6457 6125 5267 4045 821 1429 2206 6036 6415 5904 5220 5850 5496 7067 4416 5950 3983 5874 7537 3351 2163
23 1879 2323 7245 9678 8686 52 7414 8150 2461 8107 129 7056 9715 5145 1044 1219 7541 1401 4022 8845 1239 7216 1034
24 1794 172 100 1215 6081 1062 6848 7009 534 305 9807 6254 5266 1549 9887 2226 8939 4897 9259 5191 3002 1264 1611 1193
16 3008 2399 4115 3433 9159 833 7415 8988 2876 1444 6937 5200 5281 380 6870 2195
22 8271 2123 867 1081 6268 8598 8691 6779 3101 3437 2789 5286 9618 7473 4596 9432 4189 8470 3820 9456 8389 4161
7 6607 4665 306 3877 7724 4878 4970
13 6044 2382 6842 3026 6480 2234 2630 5184 4173 5728 426 1018 939
11 113 1206 8998 5472 3481 2162 5742 171 3231 5132 6219
8 7229 9852 2056 1968 4559 6378 6977 7433
23 6767 2577 4652 2434 3434 6237 7339 3556 1395 3828 4739 5007 5706 7670 4516 6112 8089 2224 5376 4004 5552 6693 2716
21 2944 7787 147 6757 9056 5386 8680 9181 5522 591 6632 4518 2266 7469 7694 2353 5401 1317 3940 4477 7105
18 9670 2654 3537 5211 6865 7222 399 78 9683 7385 3526 2932 3600 1675 6872 3520 6981 6758
21 5245 4836 9109 1175 9712 3155 8864 6290 6862 7653 9471 2978 3899 5845 9115 56 6950 994 2586 8904 9425
2 3321 3491
22 6424 8157 9735 6809 1864 9731 3925 9351 9442 6174 3195 6837 9178 8545 2574 2490 3699 7268 1149 6759 6995 4864
23 2774 8548 7648 9190 6089 1453 852 733 8281 8006 1265 4081 6330 407 6535 2888 3982 8817 1881 238 9029 7378 5119
14 4644 8199 996 6813 6354 3934 1350 5000 1039 5630 3561 9486 9086 1882
5 8578 6830 1878 971 2448
6 219 7227 7182 924 2197 5150
17 4882 2783 1667 6399 2406 9264 5323 1695 8077 4458 8943 9484 1950 5900 62 4747 5822
22 61 5957 3976 3701 3315 4366 9987 6838 7137 8050 8922 2572 642 9294 5613 9189 7290 3766 6264 3078 4889 8375
13 7911 1530 7020 1160 4664 1942 9553 6298 4138 4778 8643 3483 3435
6 2176 1594 7525 9942 8025 7556
16 7877 2904 530 3554 5050 5632 897 7120 5692 1031 686 2431 2445 4220 4553 5768
11 7799 9385 4154 9349 4361 3613 5533 7803 9673 2779 6976
20 8728 9406 3972 74 397 4168 5651 7707 5520 5479 3653 8853 4574 197 2133 8454 4338 9369 4237 7165
15 9411 4920 6550 876 7745 9823 402 5139 9671 9709 8016 788 4283 8657 9693
21 8559 3566 6068 8173 7576 2931 3339 1337 9816 4051 6791 9032 8983 2886 3529 6258 7317 6625 6417 7261 5770
11 1815 7465 3614 1706 5215 8982 6441 5340 8334 1554 9060
16 6160 3114 9199 4546 2930 444 3981 8111 7291 705 2994 8683 2762 9474 9835 6084
19 3239 9473 4629 6101 7014 9624 7094 4852 5186 9603 3357 5028 5048 4609 5388 5741 6459 1136 755
21 9291 3129 3160 1503 5291 3227 3062 8952 9379 77 6945 8076 2188 2098 2596 9206 9690 6598 2988 2877 7197
22 9020 5112 481 2360 97 8191 6367 83 866 6511 7264 2891 5328 9875 4780 1403 8226 749 1304 7024 3960 3756
24 5381 9944 9696 3220 7309 9234 3373 352 3862 5154 3178 1976 3385 3209 9318 8999 3745 4943 4279 682 431 8100 6157 2289
14 8520 3842 6742 4938 5393 9033 7746 8239 7613 101 7199 5722 8313 7808
23 8509 9405 6473 9100 6280 921 775 1433 5353 7782 3503 9995 9551 8655 8046 7618 8078 9736 6162 461 314 5494 5442
20 2278 7876 6526 1221 7764 8413 6406 11 3470 2299 3771 3497 1802 5115 7518 5921 6902 1096 5687 7201
17 6649 4048 2330 5484 9510 6568 9791 1704 1133 5065 9215 910 3974 6998 5740 9009 348
16 9207 5090 666 8753 8405 2619 1657 1014 5647 9622 136 7517 8279 8009 111 7021
20 9901 8323 6537 4171 8603 2534 2670 4407 155 2487 5452 7959 7478 9841 540 7592 9854 263 1137 2182
14 4687 5727 7684 486 6100 4391 3683 7151 3185 8538 3348 2874 7851 5884
20 2008 554 9410 2107 1051 1348 8775 8841 3713 3804 2092 14 8011 2010 9818 4548 2813 4182 668 6778
15 1563 6006 5639 9102 7360 9857 3932 5599 43 4770 6613 676 4503 468 8360
22 8420 41 3105 378 4404 9031 7474 320 1071 1854 8749 1185 2120 9067 4462 2529 8507 2568 4718 3997 9919 4005
19 741 3830 5012 507 9381 7629 8401 5278 774 4547 1131 8771 8142 7897 8001 6878 7259 814 8220
21 8102 7994 8932 4643 7274 8038 624 1800 6552 1941 8584 8887 5823 5940 1342 8130 6151 2662 4927 8060 6823
9 9121 264 9108 9517 9911 8850 7955 8398 3892
12 268 1529 5498 7175 4381 5531 7722 1758 5297 2012 9790 855
18 1993 7312 8940 9054 193 9420 6974 9230 8958 5153 6020 1077 1816 6507 2607 1731 1859 4446
11 4829 6548 903 7470 165 2251 5072 2616 6224 1842 40
10 2941 7637 210 3270 7364 8968 9750 1439 7791 4856
8 8675 2791 1508 5480 723 2508 4946 2676
16 585 3291 7149 8829 8496 5333 1498 6299 9703 9969 1825 5482 8527 765 3374 1610
24 9581 2742 1908 1884 2482 294 6344 3673 7077 2535 7921 6169 1032 5612 466 8258 3268 9014 3587 5839 1791 280 3400 2452
19 8395 1100 718 6756 8085 8546 8345 3331 745 7930 4524 9772 9211 6435 321 6576 3854 1520 3732
23 9979 4502 5477 7380 6245 5674 1412 1220 9644 1820 9113 5022 2493 5930 5488 404 9808 2708 1996 4543 6885 2403 8987
14 6724 3991 4957 1272 1023 9489 5151 598 6311 1572 9584 3577 2802 8947
14 5858 4507 4722 9143 9139 456 6175 1025 5570 918 1801 8145 6889 3959
21 2166 9737 7555 1721 1292 5702 405 4746 6314 1446 3961 4737 1788 7540 667 7970 5418 1621 9355 5564 3593
20 1113 9180 3721 9138 137 7691 1783 2595 53 5840 451 2895 3298 6594 6816 970 7845 5238 4713 9825
15 1228 248 6705 704 7513 9849 6850 5217 6990 4831 4514 3040 8994 7186 7358
13 8557 7464 7153 5657 7801 4804 5047 6944 1677 1243 367 7700 1683
24 3294 8368 7785 4880 403 1603 1501 4890 7914 5966 6869 8961 2303 2563 8221 8707 5447 4002 7748 9085 8896 6193 9277 2199
11 4873 9527 8719 7359 2503 8408 6556 2259 371 4750 9577
11 3708 6581 3273 7827 8930 689 7183 6046 2633 8002 9570
11 1407 1627 552 4924 5208 5534 6187 9348 9914 2376 2161
16 477 7435 7118 8272 9000 6451 1042 7286 2860 5 6095 8417 8461 1078 2598 6748
19 696 3601 1583 5031 9388 4690 6443 6165 5767 9565 9053 1772 9609 3945 5891 7752 5456 6801 287
12 3655 4833 5495 8058 9019 3071 9301 7219 5313 1856 7807 8793
17 6139 381 169 7043 3669 8027 8400 8010 3682 3716 6240 2196 2843 649 6721 9756 523
20 7687 315 4879 1455 1188 3574 1827 4252 2371 71 7625 8513 373 4000 5140 4434 886 2865 1167 3121
19 8630 7840 2898 5567 3174 8444 34 7095 4492 5019 5030 3853 4945 6702 1019 7603 1953 1434 4190
21 4877 6749 3047 7759 7761 9151 2248 6437 7750 3893 7217 5196 2267 8466 1760 9083 5138 4169 6631 6769 8353
12 5227 6009 9249 9699 931 8867 3780 9383 5714 1253 7203 7425
12 2828 1518 2570 3530 4301 5997 5111 5181 2307 9074 6050 1295
24 5218 5783 1693 5847 5426 1584 9238 3808 5098 1920 7124 8215 7634 2392 7505 8818 1280 6088 1865 7743 4919 603 7843 1923
13 2589 8192 7966 1698 8488 1826 7740 4040 6487 1397 7048 8374 2989
18 6794 1369 7342 8407 7394 8917 8270 841 3823 1103 8706 9490 2083 6285 93 4881 8305 9008
22 6269 1634 376 8694 9101 5995 5550 3973 3939 4715 6509 5905 9058 9855 1130 2381 9977 4076 1574 8696 9771 7018
19 2324 5719 8682 6922 9561 819 1930 9886 940 5157 6478 648 9775 5523 1935 6621 4685 355 9646
14 3410 2180 9836 3290 6218 2622 9542 836 6308 9076 9957 4191 2743 3088
22 4056 4630 8194 8059 4300 7234 3496 5708 6712 1649 4876 8526 4461 4429 9309 4418 6093 4928 626 8980 860 5870
22 3697 4648 6672 9394 3513 3328 5537 1753 2414 3010 3538 6660 9662 6097 1366 5251 5738 7215 1699 7055 9677 7111
19 1332 5743 8403 3958 8667 408 5679 7650 2913 3678 7200 2959 8141 1764 9932 7983 5180 275 7504
17 2507 8346 1686 5914 1431 539 2256 331 1713 1551 6578 183 2398 8724 674 8577 7961
9 6418 6168 6942 4398 4588 4700 2704 7620 2669
18 2531 1460 6784 3210 9028 776 9224 2093 1171 6142 8985 1694 3797 1490 3060 2634 6564 8869
23 5881 6703 3194 4969 5033 5001 8871 5005 4219 8234 8592 2872 5525 9142 9026 4517 4631 4799 9725 6590 1459 358 9453
23 1447 2997 5405 6094 7857 4114 9362 9607 1041 7786 8127 1405 6483 8880 9605 2703 5274 5195 4519 1195 800 2980 9729
8 8965 558 7462 8897 7593 8166 2829 1751
16 9698 7152 5069 4653 7267 544 3241 7619 6027 2242 7486 4298 8268 0 2698 835
22 9820 4200 3116 4353 4800 9734 1871 1286 3076 4232 888 7022 1445 1059 7074 5846 7011 3255 1752 7935 292 1828
19 2296 3910 2649 1565 4764 7907 728 9863 4369 798 9194 7431 3714 4676 5171 9501 2263 7084 1837
13 3667 4673 7355 7992 5013 5015 5806 4936 2272 3485 8754 2601 2328
9 8787 6159 2817 4792 9859 3450 2438 2017 8824
20 7188 8376 9691 8951 5088 1368 4314 5023 6176 8512 1442 6906 5239 6624 9959 5878 4565 4776 5838 6203
21 8213 2520 6739 5642 9858 388 9724 6042 8532 512 5315 7514 2826 1808 4942 1488 9201 2625 8531 6608 7902
7 6843 1995 6182 6216 9889 2053 5833
8 6662 611 3546 5713 4227 5441 4647 8475
15 8086 8489 5779 873 5127 3964 8663 4447 5855 2521 3551 9727 6810 8839 1072
17 7709 8521 8742 865 3963 2526 1310 5216 7832 752 5114 2894 3077 80 8381 5671 1714
21 1227 6438 4558 6446 751 7515 8257 5329 1779 3145 3000 3056 2146 7136 5242 1082 7529 9902 2260 5473 4264
12 2327 2600 9604 4677 4096 5143 1140 5471 7769 2996 6491 5160
21 6780 4050 5387 896 7066 7081 319 8624 8261 9978 4359 9413 3720 3240 4791 7351 1268 7696 51 1212 8966
19 4098 8351 159 4497 7915 9226 3356 537 8672 4578 7536 9047 5518 1841 669 976 9659 201 6787
